0
0
2
2
2
19
2
17
17
0
0
16
0
31
44
0
0
0
67
0
127
93
0
145
0
148
67
0
0
67
0
82
79
161
0
90
169
83
0
177
83
0
177
102
0
0
0
0
0
0
0
0
0
0
0
0
7
0
15
14
5
0
87
0
58
41
19
25
34
34
23
5
5
83
0
56
29
167
95
163
0
0
0
80
228
228
33
236
0
33
66
0
130
0
203
203
99
0
0
359
197
377
75
0
138
370
370
409
552
0
104
104
0
0
98
0
176
0
31
0
0
257
52
271
276
0
0
189
0
70
0
83
2
2
2
14
15
73
73
0
25
73
35
0
35
50
96
124
42
0
0
83
0
0
206
0
53
232
240
0
179
0
0
100
240
110
171
0
0
92
182
92
341
80
0
0
40
0
0
0
127
122
190
0
0
57
95
95
0
180
77
0
0
0
0
107
0
19
0
95
219
0
0
67
54
162
9
0
73
181
0
0
239
0
0
38
0
1
0
2
0
0
22
39
0
9
0
25
7
0
0
5
0
54
0
104
0
0
119
0
13
0
0
0
143
0
101
86
0
0
128
8
102
0
21
215
90
77
0
83
0
289
0
54
131
327
193
0
263
330
413
0
0
0
12
0
0
68
9
5
0
18
0
0
0
4
18
0
0
0
0
3
0
16
0
11
0
0
7
0
0
12
12
12
0
0
0
0
32
0
38
17
24
0
0
31
0
0
135
125
232
51
50
40
0
165
181
52
305
233
0
9
0
0
27
0
0
0
19
47
112
37
35
77
48
97
93
193
0
0
170
175
0
0
0
32
14
7
14
30
124
24
0
0
0
56
0
56
0
209
0
142
110
69
196
0
69
228
157
0
167
0
167
0
0
2
2
0
41
0
16
32
0
7
22
48
0
0
0
57
79
143
0
52
52
0
0
126
217
193
0
0
12
24
0
60
0
0
0
0
40
3
51
14
0
21
0
0
54
0
21
0
13
47
35
0
7
12
0
48
7
0
58
65
0
51
44
35
0
3
32
69
25
57
34
0
76
0
0
84
26
0
50
0
0
0
122
0
52
66
0
280
112
45
221
0
206
0
216
104
443
104
362
87
0
104
45
59
0
79
0
0
0
0
13
0
2
32
0
12
0
0
0
56
0
0
56
44
0
0
33
210
0
0
0
250
181
158
316
101
0
0
0
261
198
0
71
208
200
0
7
9
21
0
77
87
125
0
95
70
0
0
0
98
29
103
103
134
106
134
182
112
160
0
223
133
0
0
106
116
151
0
0
0
0
116
0
373
45
0
232
346
45
346
0
0
55
0
150
0
31
0
117
45
149
0
0
0
0
137
0
179
114
0
312
85
167
68
235
174
0
256
0
271
0
0
319
330
371
144
0
0
70
0
0
0
0
0
177
2
0
7
0
2
9
0
45
38
23
45
0
25
0
96
48
0
67
67
0
131
64
88
0
31
202
171
0
38
229
103
103
244
103
178
121
185
57
132
131
332
212
0
57
0
19
36
38
72
0
29
32
50
70
82
0
63
36
0
0
0
0
0
8
0
8
0
0
99
0
14
55
0
0
6
0
6
25
13
0
19
0
35
0
0
0
0
75
77
0
78
102
15
28
105
28
67
56
184
0
0
318
44
0
0
11
11
28
0
18
90
30
25
0
0
44
112
0
46
46
0
0
46
158
0
0
71
211
213
0
174
70
103
284
174
103
0
0
0
83
0
0
295
0
95
0
0
79
0
0
207
0
0
0
0
31
206
0
0
175
277
188
0
0
0
62
0
0
123
146
543
220
0
0
0
0
0
0
0
12
8
8
21
21
59
30
100
0
0
60
113
105
54
0
167
167
89
22
40
0
0
22
47
0
54
41
96
64
67
24
0
161
0
64
64
0
0
139
0
139
0
0
328
0
369
333
0
0
117
153
369
0
0
0
0
206
0
116
42
73
551
541
0
635
539
302
0
172
560
230
600
0
0
10
9
15
0
29
30
48
54
0
64
24
0
55
0
155
39
0
245
0
51
0
58
0
142
40
75
321
0
64
0
0
187
159
194
0
360
74
0
0
0
0
0
0
0
10
12
0
4
0
0
41
45
12
31
0
0
25
0
0
150
168
39
141
0
0
0
0
0
0
186
0
343
280
0
0
206
31
360
0
0
0
250
148
0
0
291
0
0
0
0
4
4
0
0
17
0
0
0
0
98
8
0
68
0
0
2
27
27
0
0
20
16
14
0
44
0
0
159
56
0
0
0
14
23
0
0
0
59
0
0
0
143
0
93
183
0
128
176
113
0
148
241
10
8
0
10
9
18
0
157
103
167
150
31
26
133
94
0
120
0
187
146
0
231
0
0
155
282
229
144
210
0
233
0
294
451
263
140
0
0
0
0
0
12
0
7
33
0
10
13
0
12
0
6
0
61
0
16
33
102
0
99
99
73
118
103
0
180
0
223
111
158
11
176
0
29
11
0
0
0
0
0
99
42
122
0
0
0
0
0
0
0
0
0
0
11
11
17
0
37
0
36
0
0
0
76
0
34
95
49
95
34
49
49
95
34
0
61
0
0
34
49
38
61
0
41
67
134
148
0
0
0
14
0
0
0
26
14
34
21
0
44
43
87
0
94
0
7
72
0
22
22
7
0
0
1
0
51
11
31
0
113
0
232
205
0
0
43
0
27
0
34
0
99
0
0
0
0
0
0
0
0
0
0
0
4
0
25
0
46
67
122
32
54
0
0
0
29
0
66
0
123
177
0
155
155
0
56
0
0
0
44
153
0
0
0
168
0
18
15
0
0
0
0
284
80
72
0
258
0
0
85
0
0
3
0
0
0
10
7
1
12
0
5
0
0
0
0
0
0
62
25
30
30
142
3
197
73
208
17
0
0
167
208
0
0
0
45
0
227
275
50
0
439
394
0
378
0
0
0
0
416
117
150
354
0
397
332
68
0
11
0
0
0
0
0
70
90
0
117
0
42
0
0
34
0
0
0
0
0
63
44
11
147
2
0
12
10
0
29
41
76
129
0
178
187
53
127
0
0
159
0
0
109
0
227
36
265
41
0
224
56
324
168
193
48
96
106
202
17
0
18
39
0
25
25
0
65
0
103
38
0
65
103
0
44
145
42
0
48
183
0
0
201
77
0
77
77
80
87
87
148
177
0
0
0
0
68
0
0
1
0
0
42
0
40
0
0
0
0
0
70
70
100
132
125
0
0
0
0
0
44
64
71
110
194
0
103
226
159
195
159
93
0
163
0
83
0
0
262
136
0
0
102
30
0
0
278
0
0
275
25
348
0
0
4
0
17
0
0
0
17
25
0
15
97
37
0
0
0
42
42
29
0
42
74
0
0
44
30
0
74
0
0
14
14
37
41
37
0
18
33
74
0
0
29
27
0
50
59
54
0
71
0
58
98
0
102
62
0
0
0
0
0
0
0
0
0
27
45
0
27
18
0
0
21
0
0
8
71
0
34
0
0
135
60
0
13
122
8
0
21
192
0
0
95
0
0
134
110
0
0
0
0
0
0
0
16
0
0
0
76
0
46
0
0
27
18
0
0
0
0
30
115
60
0
0
36
110
0
0
0
0
0
49
165
0
40
0
0
0
0
0
217
0
63
18
0
30
0
0
23
0
0
0
0
0
71
335
50
259
97
328
0
0
0
46
0
55
0
519
0
0
0
623
137
594
87
230
432
623
0
2
0
12
34
26
8
8
0
6
8
0
19
0
0
0
0
0
32
128
154
129
0
0
0
0
0
60
0
11
0
0
33
0
86
14
42
42
28
76
0
76
58
38
31
24
0
31
165
77
0
0
213
28
0
0
0
179
29
0
34
34
23
244
57
0
92
325
0
0
0
0
0
20
0
6
0
5
0
6
13
0
0
27
32
0
0
41
0
0
73
0
0
63
51
0
97
75
22
22
107
0
0
134
51
0
46
175
0
0
181
46
164
49
0
0
0
0
0
0
0
12
18
46
48
0
0
0
107
45
16
7
38
0
0
57
0
22
32
0
0
58
0
59
132
0
40
171
78
149
66
28
52
0
38
47
245
48
8
10
10
0
10
0
7
21
56
0
0
0
0
111
0
0
0
0
43
0
65
51
0
0
176
73
0
48
0
0
16
0
0
0
0
6
69
36
88
0
25
0
56
34
156
162
215
0
0
33
0
0
296
268
0
108
339
0
139
72
423
118
0
435
0
489
459
0
26
435
0
206
281
4
32
4
0
49
46
153
0
0
3
84
0
0
50
28
213
5
189
22
361
151
106
191
0
0
0
192
0
0
245
551
0
0
468
328
24
30
38
0
0
0
0
11
53
11
0
0
0
54
56
0
0
37
0
29
77
64
0
12
0
0
142
0
180
62
32
295
0
120
277
0
0
0
0
15
46
32
0
0
71
14
38
0
24
52
0
21
85
85
94
61
0
22
64
78
22
48
0
64
110
78
0
36
0
144
0
0
41
0
0
0
0
0
0
0
0
99
110
0
16
4
43
0
67
8
21
0
58
0
9
12
0
106
77
77
48
162
0
18
0
30
10
0
0
0
0
142
0
73
169
0
30
2
0
40
0
82
0
0
30
26
0
54
120
0
230
0
136
75
0
65
254
44
348
187
85
187
187
210
0
407
0
0
0
51
0
438
61
466
0
0
0
0
0
284
0
0
574
0
21
0
0
0
0
11
42
0
0
79
24
0
0
157
0
0
12
16
0
34
0
26
0
32
83
0
0
0
0
0
0
0
20
66
66
63
0
24
9
29
38
0
0
0
0
0
0
0
0
36
0
0
119
0
57
10
0
0
27
0
0
188
62
0
0
11
0
0
41
184
0
110
212
112
278
11
267
0
69
46
0
0
0
9
36
0
0
0
84
46
0
46
30
0
116
48
97
69
144
64
64
119
0
176
0
0
2
6
0
0
0
0
0
0
0
0
0
54
0
11
0
26
0
0
66
0
0
0
7
7
7
0
0
7
0
0
7
8
14
14
25
0
0
15
0
11
11
0
14
14
15
20
0
0
65
0
0
194
0
125
0
262
0
0
263
176
88
48
0
125
0
55
101
0
150
0
287
0
11
0
397
214
0
57
0
287
0
0
0
0
332
501
0
252
0
124
124
0
0
0
0
0
0
5
0
0
10
0
0
5
59
45
140
0
8
25
0
0
0
41
0
0
0
0
0
0
0
4
0
0
62
0
0
28
30
43
27
101
0
144
0
0
123
4
0
9
4
0
0
11
0
0
0
0
0
33
0
0
35
67
0
81
98
0
0
5
0
16
0
0
0
0
51
0
9
0
0
106
0
0
0
0
0
49
16
43
9
29
0
25
0
0
0
0
0
0
0
15
0
68
66
46
0
112
0
0
201
18
61
0
24
68
0
0
46
29
341
22
172
0
0
77
0
57
0
0
371
310
0
0
153
0
0
295
60
0
0
414
559
208
159
21
636
21
0
248
187
0
280
0
158
265
0
9
0
0
17
0
0
47
0
0
48
75
64
0
100
156
100
100
0
0
0
156
38
0
0
145
85
141
243
0
211
328
231
0
107
0
0
0
0
0
0
0
0
0
0
0
0
21
63
19
66
0
0
56
66
53
141
0
0
0
51
157
0
0
0
0
184
184
0
0
0
0
59
0
0
208
0
123
0
412
401
0
0
0
21
0
4
15
29
0
14
7
0
0
0
16
23
0
63
58
0
45
0
0
0
0
0
0
0
0
65
0
0
123
0
0
0
0
123
20
145
0
250
0
236
96
0
0
99
86
197
0
292
61
0
26
0
26
292
0
0
0
25
0
33
24
0
47
60
47
60
0
102
81
0
121
0
59
40
159
119
0
0
118
0
120
43
120
50
202
0
9
50
0
0
29
0
32
0
0
0
27
0
19
60
8
14
52
0
47
14
65
0
30
19
18
28
0
58
50
51
11
109
96
107
37
0
114
0
0
233
155
314
0
0
0
0
0
40
89
0
89
0
0
390
369
0
0
404
56
40
0
0
582
0
0
0
0
0
0
8
76
20
20
65
31
70
0
0
48
109
38
93
0
30
0
96
96
50
12
45
0
0
0
23
0
60
111
0
109
148
69
100
31
31
138
110
36
157
0
0
0
0
0
281
281
0
215
0
47
275
0
0
0
42
67
0
0
95
62
0
0
125
116
22
0
91
157
28
0
0
50
115
0
0
0
0
183
183
95
0
102
43
125
155
102
0
0
29
0
0
206
0
48
0
0
0
0
0
0
83
11
0
68
53
0
0
0
0
143
67
146
98
24
91
0
116
0
41
23
23
165
0
53
0
0
250
108
0
0
0
3
0
0
0
41
20
0
0
22
0
39
78
0
0
0
9
0
0
18
0
28
9
9
0
0
11
33
35
47
35
54
101
101
84
21
91
3
0
71
0
0
50
0
0
0
15
101
29
145
59
69
159
0
19
0
0
0
0
31
267
9
0
314
171
22
32
213
0
0
353
41
256
76
11
34
34
0
27
0
17
0
17
23
0
13
7
59
0
0
22
7
43
10
151
0
134
11
145
91
20
27
0
32
142
0
107
90
161
0
0
167
61
0
7
16
48
0
0
0
29
0
0
96
109
14
0
65
21
0
106
26
0
0
103
0
7
0
0
0
77
0
0
0
7
0
213
0
173
0
4
5
9
9
0
0
0
0
0
35
0
22
30
0
0
0
0
121
0
45
0
45
80
54
0
54
0
126
0
0
0
0
93
0
0
55
0
46
36
0
0
0
0
0
10
0
274
0
0
26
0
0
30
456
0
0
0
59
511
0
490
344
260
321
549
108
325
0
0
0
0
0
63
49
35
49
14
0
21
51
0
0
51
21
83
21
87
0
87
6
0
0
23
0
26
120
37
30
74
0
0
99
21
0
0
113
113
230
0
0
30
235
0
30
123
380
0
0
0
342
0
0
0
335
0
221
0
0
221
512
0
0
47
0
216
0
0
269
312
0
0
8
8
0
0
8
8
7
9
67
0
28
0
28
82
0
51
140
141
0
124
0
44
63
26
0
0
290
0
0
243
0
329
407
429
238
0
259
486
0
103
134
202
0
0
8
8
14
2
0
34
17
0
0
0
111
55
55
87
87
0
0
32
0
69
162
76
0
133
47
151
196
196
56
151
95
66
0
95
55
74
56
0
56
271
0
10
10
0
33
0
0
64
0
63
123
123
64
11
180
49
30
0
0
5
5
0
10
0
0
66
154
73
166
64
187
163
0
0
161
0
0
386
0
0
482
0
0
0
0
243
385
454
129
232
15
21
3
18
0
0
54
0
0
168
124
3
0
147
5
0
4
33
0
45
8
4
51
25
0
30
41
41
148
0
0
0
232
11
0
0
195
225
65
118
225
0
5
0
2
32
15
0
0
0
0
0
0
0
74
59
24
12
0
0
10
0
0
0
33
0
0
0
0
91
200
249
87
205
0
0
55
132
29
95
0
343
54
0
0
1
19
1
52
10
45
15
43
67
0
0
0
14
0
0
0
0
375
0
185
0
422
85
189
0
0
382
0
0
8
52
0
8
0
0
36
74
1
38
99
0
89
90
108
26
122
0
129
114
0
42
97
0
189
28
78
0
76
51
0
36
132
0
0
44
0
0
31
115
70
0
80
0
168
196
0
242
0
0
0
0
28
247
5
0
4
0
4
0
0
11
6
0
28
22
33
0
0
14
22
26
48
0
74
45
36
36
50
32
82
52
96
60
0
32
39
0
0
0
0
0
0
0
0
31
0
0
18
135
89
94
69
0
173
35
0
139
42
57
206
0
0
0
47
8
26
44
0
4
0
74
0
59
53
0
0
192
0
0
57
226
0
0
68
226
0
28
71
281
259
0
215
295
0
160
0
0
0
0
0
12
0
31
37
0
62
30
0
0
2
2
71
35
58
0
36
36
36
82
0
68
0
0
121
0
0
232
159
201
201
159
121
201
79
0
0
84
0
0
220
0
134
0
286
0
235
26
0
0
7
22
0
13
74
0
0
0
17
11
0
37
5
0
0
14
27
43
100
0
0
0
57
55
54
0
118
204
38
0
0
166
35
140
74
0
156
0
0
0
0
0
0
0
279
0
83
123
0
177
0
0
0
0
58
110
135
0
0
0
0
0
16
0
0
0
16
0
0
1
3
0
5
21
0
48
0
0
46
67
12
48
7
60
14
0
14
50
17
19
19
0
0
0
0
0
0
10
50
0
71
193
0
73
183
112
101
0
122
0
72
192
78
0
271
0
0
0
0
31
30
59
0
19
0
0
48
43
33
51
41
71
0
89
62
0
145
0
0
0
0
155
30
0
0
0
0
60
57
67
11
95
0
21
21
81
24
36
0
0
3
81
37
0
53
73
119
29
0
147
249
42
0
197
90
207
228
0
19
139
0
102
0
0
420
236
310
364
0
0
0
188
93
0
0
0
0
0
0
0
0
10
5
5
0
0
0
128
0
0
0
0
57
0
24
0
8
0
0
0
0
0
65
0
139
0
0
0
31
92
0
17
39
0
0
0
40
0
80
0
0
0
200
0
45
0
0
0
0
339
164
0
0
0
0
0
18
0
0
71
57
88
0
0
85
62
24
14
18
14
18
43
139
188
0
202
38
0
27
208
0
0
259
324
259
0
112
170
0
84
0
47
0
305
0
79
0
160
0
558
0
111
0
0
2
5
5
0
35
0
0
39
0
32
101
85
107
51
0
0
136
0
0
0
0
23
67
0
174
168
0
283
0
294
0
0
0
0
0
0
0
360
308
0
0
0
2
0
0
6
0
51
0
73
0
2
0
0
2
0
30
0
0
45
15
0
91
27
0
38
0
43
38
0
64
64
24
0
0
0
15
0
0
0
0
0
0
58
0
0
65
22
49
178
75
95
218
0
0
0
126
0
0
169
44
0
155
173
372
0
373
0
0
0
302
298
143
208
517
8
298
0
0
8
0
234
480
0
160
0
0
198
0
2
2
2
30
0
10
30
41
29
13
0
31
72
0
40
19
0
0
25
0
40
40
0
0
54
62
66
0
52
0
19
32
0
0
59
227
0
71
0
334
115
196
0
218
0
146
16
71
408
89
0
0
139
225
0
160
166
0
0
0
234
68
0
213
0
234
0
32
0
58
111
0
0
1
25
38
7
0
89
31
0
0
0
0
37
48
71
119
71
61
0
0
114
87
0
0
0
0
17
0
0
0
166
173
193
151
173
136
126
0
0
0
96
0
0
0
30
0
0
30
0
0
29
4
0
85
80
0
0
0
31
0
40
115
0
39
0
0
79
146
0
0
81
82
0
178
0
164
146
0
144
122
45
0
0
0
101
57
34
0
76
0
0
0
32
0
46
17
0
0
0
0
265
146
0
67
0
577
186
526
415
0
0
525
391
85
0
0
0
304
0
675
0
391
0
0
0
5
21
27
0
0
11
0
0
0
4
9
17
0
4
0
19
0
24
0
0
4
0
0
0
0
27
101
0
0
22
33
26
0
148
202
0
212
0
131
0
38
173
173
0
0
185
0
247
138
0
25
15
0
0
0
0
0
0
0
83
183
0
210
51
73
308
93
123
0
254
0
123
354
127
259
162
0
0
0
0
135
0
174
274
0
422
0
245
364
139
386
0
106
0
477
191
4
10
16
6
26
32
30
12
77
0
0
48
32
123
0
84
0
0
0
20
0
0
0
0
0
44
0
47
6
38
38
0
31
0
30
0
0
0
0
0
253
0
214
253
190
0
0
0
30
42
415
0
0
0
175
442
0
0
0
245
220
303
376
547
14
42
0
0
80
0
0
0
0
0
228
80
221
34
0
0
0
150
0
0
0
0
4
0
2
22
0
29
0
0
33
6
0
0
102
3
0
0
0
86
0
0
71
0
10
115
0
0
268
239
0
0
0
0
7
0
0
0
1
0
0
1
0
17
24
0
0
0
144
0
144
0
143
0
0
0
0
0
0
0
0
0
8
9
0
12
0
0
0
20
87
82
0
6
0
21
7
0
0
7
7
0
11
7
28
57
54
24
29
86
0
42
0
81
54
0
54
0
29
115
116
125
172
172
0
54
0
0
182
0
47
0
210
93
94
212
64
0
0
0
169
231
0
0
0
30
0
0
2
0
42
0
50
0
0
58
7
0
49
14
76
0
0
90
18
4
25
29
0
89
0
0
17
119
176
0
10
180
197
0
119
0
0
16
0
0
31
0
43
0
75
121
0
29
0
95
45
70
88
125
0
139
45
0
47
35
0
149
0
0
201
0
0
0
275
0
359
209
305
91
274
0
0
212
222
324
117
0
72
0
0
132
0
336
21
210
0
0
10
24
24
20
27
11
0
59
0
0
84
30
104
30
60
0
60
0
32
72
0
0
86
0
86
0
60
30
0
166
0
77
7
31
0
0
0
0
0
0
1
0
0
0
11
5
0
0
21
7
0
0
11
0
9
3
3
9
0
0
38
19
30
0
37
76
76
0
12
91
66
64
0
68
194
0
127
164
0
0
260
0
123
269
0
2
2
2
0
27
19
18
20
8
25
0
46
87
0
101
0
0
0
21
0
150
214
0
129
0
0
0
0
46
0
137
58
0
292
314
294
237
0
195
0
0
0
0
5
0
0
77
0
109
67
0
255
38
27
0
0
0
266
0
228
266
131
0
331
48
264
0
55
0
0
0
0
0
0
393
0
0
259
0
512
0
312
0
312
4
0
4
0
0
4
74
0
0
0
36
32
32
239
23
0
0
104
0
0
165
277
42
143
0
0
0
193
173
319
0
0
177
0
0
387
0
0
26
70
0
0
96
0
96
159
0
0
0
0
145
0
0
0
0
0
13
29
0
65
32
32
44
0
0
0
0
23
6
0
15
9
0
0
75
6
3
3
17
7
7
67
0
12
69
0
129
106
0
119
0
49
12
42
0
43
0
0
0
309
312
0
0
200
0
30
305
0
449
110
0
0
431
0
0
458
0
461
0
0
228
413
0
0
156
155
342
129
0
17
17
16
0
0
30
0
0
0
46
16
17
0
0
0
80
0
116
44
98
0
0
0
0
123
108
0
0
0
0
0
0
0
0
12
2
0
0
11
0
2
13
0
0
57
32
73
0
20
29
89
46
0
53
0
70
4
0
0
0
59
0
0
5
0
34
32
0
6
4
5
10
0
0
42
0
0
0
40
21
0
64
27
0
74
0
73
0
39
185
0
0
49
61
0
0
61
0
59
156
0
246
0
58
111
153
112
190
0
0
0
0
23
0
48
0
14
0
39
0
26
0
126
38
30
245
164
16
0
0
289
0
0
0
0
64
244
0
0
287
400
487
200
87
274
0
18
0
0
8
0
18
0
98
74
0
58
23
38
0
150
119
0
0
156
0
340
255
0
0
0
92
63
0
236
0
95
0
268
0
0
0
0
0
186
329
0
0
0
163
461
171
171
292
0
0
241
0
21
0
45
0
29
0
0
56
106
1
1
71
71
106
106
35
0
3
98
157
0
65
57
75
63
0
75
0
15
0
0
0
0
158
242
0
0
105
222
97
40
0
74
0
0
0
0
21
0
0
134
0
190
37
174
137
0
0
253
333
9
0
0
0
0
0
52
0
0
1
18
16
0
0
0
7
0
0
0
113
0
0
0
54
0
29
0
202
325
0
0
0
0
0
121
0
134
82
53
212
437
145
0
0
167
0
86
55
303
291
0
0
0
0
83
118
0
0
0
20
0
10
26
0
110
0
0
0
3
6
0
0
128
0
0
0
0
0
172
153
0
41
0
0
0
0
0
197
225
56
0
0
10
0
154
46
84
0
178
129
117
84
0
0
65
45
318
0
220
0
0
0
0
0
9
0
0
0
37
0
23
0
37
31
0
32
19
13
0
113
125
0
26
33
92
66
109
0
196
0
0
0
0
48
0
0
34
222
260
0
0
100
139
0
0
0
0
64
0
114
0
95
0
0
0
104
2
85
0
0
25
133
0
0
222
86
0
266
0
0
277
0
0
0
0
0
0
27
30
12
9
25
52
63
0
76
87
21
0
55
0
32
96
0
0
183
0
0
0
0
0
0
18
0
0
18
0
0
0
0
0
0
0
50
93
92
0
0
37
0
96
0
0
0
0
0
34
0
0
0
0
6
0
0
0
9
0
23
0
57
94
146
0
242
54
222
0
0
48
0
316
0
319
0
213
36
140
152
0
31
0
267
0
316
66
0
17
14
31
0
0
0
30
0
0
77
30
98
0
0
12
0
159
62
89
0
0
35
0
0
0
0
188
76
0
227
0
0
251
124
76
0
91
0
15
17
17
25
18
0
0
83
84
28
0
29
0
70
29
0
43
43
0
73
0
0
0
0
0
0
59
59
73
127
52
0
88
74
0
0
10
0
0
0
30
0
80
119
22
0
0
0
64
0
0
0
0
4
4
24
45
0
0
0
0
0
16
14
0
58
0
0
0
41
0
0
0
0
0
0
3
9
11
9
11
9
12
20
0
0
25
0
60
25
25
60
0
0
115
35
80
45
45
80
0
0
0
47
12
0
6
12
9
9
22
0
3
6
55
0
0
81
0
42
0
103
24
87
42
53
55
53
0
69
12
0
44
0
232
178
32
0
134
59
102
0
176
79
0
13
29
0
16
0
0
26
0
0
0
0
32
113
10
143
9
171
0
17
0
0
0
0
0
0
0
0
40
342
0
0
0
0
142
460
61
0
206
0
295
361
325
145
0
0
0
21
10
0
16
43
0
59
39
29
20
0
0
0
138
0
14
35
0
0
54
0
35
45
117
0
156
34
0
117
82
82
166
40
0
31
0
71
0
45
1
33
0
0
0
39
0
10
0
0
0
87
465
0
299
575
0
334
0
0
568
0
96
421
65
0
0
30
46
64
38
141
186
186
0
0
317
0
74
0
0
0
0
0
310
0
415
0
0
0
79
347
130
447
0
0
667
0
0
0
0
0
0
0
30
3
91
91
13
47
0
88
53
33
84
8
5
0
0
0
15
0
0
65
0
0
0
0
0
0
34
10
59
0
25
10
59
68
20
68
34
0
54
68
0
79
104
0
95
67
0
0
65
140
0
156
0
38
0
13
36
36
46
0
0
59
59
0
0
72
0
0
0
0
0
0
49
75
49
75
60
192
0
142
55
87
198
0
71
102
207
106
211
0
0
110
133
0
0
0
0
2
0
7
0
0
0
0
0
0
0
0
81
32
75
0
0
122
40
32
82
0
14
32
0
61
0
9
0
53
0
38
0
9
0
0
3
3
45
12
0
0
0
0
81
12
0
58
0
37
0
0
0
100
201
26
119
0
273
0
0
0
0
0
37
6
61
111
96
0
281
0
78
45
0
0
0
0
22
0
0
5
0
2
0
17
0
11
0
0
6
0
52
84
107
36
0
0
0
12
26
60
0
0
52
0
46
0
0
0
0
0
86
0
0
0
152
0
229
0
0
0
0
0
0
0
0
67
111
135
188
134
0
164
29
0
0
287
127
0
57
208
53
44
109
29
0
0
7
41
0
19
21
19
20
21
62
28
53
40
104
39
0
104
40
110
0
74
113
0
88
121
0
51
121
121
31
0
131
39
0
6
21
0
18
0
9
0
0
0
0
27
136
0
0
32
0
41
66
148
130
73
0
0
0
0
0
74
0
290
0
0
275
74
99
101
0
132
101
162
101
0
16
0
16
32
24
0
24
0
24
0
43
25
18
0
0
0
65
80
34
30
63
65
106
67
130
0
151
37
39
0
46
0
46
216
0
75
0
0
0
156
81
156
0
249
0
14
28
14
11
12
11
48
0
55
0
91
59
115
37
0
135
0
0
163
0
236
0
103
0
231
36
222
101
0
0
0
0
15
0
10
10
15
0
0
0
10
5
0
0
15
0
9
21
15
0
0
0
32
86
0
23
61
0
45
119
0
0
15
26
23
0
0
5
34
49
57
0
0
0
66
119
0
0
79
0
102
68
57
82
0
78
0
0
116
141
1
1
0
0
0
1
13
13
45
0
66
9
23
31
0
0
33
36
0
27
36
0
29
70
0
29
0
68
41
69
32
0
31
47
0
0
104
49
145
49
49
133
0
0
6
0
0
0
29
0
40
2
0
2
45
0
16
0
12
0
27
2
0
0
51
2
46
0
118
0
0
0
0
125
10
73
110
15
0
0
189
41
181
35
23
23
0
98
259
56
300
0
59
82
40
0
0
96
62
96
87
34
0
0
0
0
22
0
111
0
99
67
0
0
91
14
22
0
0
106
0
27
256
0
0
0
7
7
25
11
24
44
38
112
113
0
0
0
238
88
0
257
159
295
225
0
254
0
314
0
169
78
284
468
344
415
0
175
163
165
601
62
0
236
142
0
0
15
90
0
0
19
10
0
40
28
0
0
156
0
0
0
0
0
0
18
0
18
37
0
0
62
70
49
79
126
65
0
0
0
24
188
0
45
132
0
0
171
33
0
0
95
0
0
180
41
105
34
181
181
120
181
9
7
0
0
21
37
16
7
65
7
0
16
38
97
0
145
46
180
49
181
58
0
55
0
0
58
274
0
0
84
0
0
457
0
40
84
450
0
79
372
0
0
269
472
14
0
0
14
43
0
0
0
0
14
0
62
0
79
17
61
0
0
42
0
50
77
47
66
89
66
0
94
22
0
0
75
51
14
81
219
137
0
0
152
0
234
0
0
0
0
0
19
35
0
0
28
89
0
10
73
38
70
15
109
121
0
16
15
0
0
0
0
0
0
48
36
0
29
209
0
222
263
169
0
0
103
37
0
0
127
0
66
0
190
0
9
54
0
0
0
0
0
31
214
205
0
0
79
22
10
0
48
0
0
67
76
0
250
84
142
293
0
0
270
395
0
0
475
0
0
0
16
7
0
0
0
13
12
19
81
32
0
22
90
0
68
0
0
12
87
0
0
0
0
0
32
32
185
36
90
0
176
0
0
0
0
0
9
0
34
0
0
0
29
0
6
0
63
57
0
146
15
0
131
74
131
139
0
0
215
0
91
87
109
0
215
0
95
332
111
111
0
0
0
0
0
0
23
0
54
3
0
63
0
5
0
0
5
7
10
10
9
27
19
9
36
0
37
27
46
0
67
13
54
0
56
78
0
13
0
18
18
0
61
0
27
0
163
0
61
0
0
0
6
16
0
0
10
0
10
0
0
10
34
24
0
50
0
66
19
36
23
97
23
78
0
0
55
0
8
12
17
0
0
0
0
66
79
37
50
29
0
15
15
0
15
20
15
35
15
19
176
90
23
55
0
40
32
0
0
180
98
0
267
120
0
181
0
227
289
17
253
0
0
172
0
0
0
45
0
75
0
0
338
126
0
53
0
302
66
78
0
13
0
42
0
0
0
23
0
0
69
61
0
85
8
48
0
69
29
127
39
0
28
0
0
0
133
98
268
0
327
122
200
300
200
300
100
194
121
0
70
0
141
0
0
0
0
0
0
0
0
14
0
22
0
0
11
53
14
0
14
31
16
169
0
0
212
95
49
0
395
0
172
353
0
0
0
0
72
40
259
0
252
92
110
0
0
537
118
0
0
0
624
125
0
0
10
20
0
0
0
20
0
0
2
2
0
2
9
5
12
33
18
0
49
49
31
18
0
0
65
65
75
36
46
51
53
0
0
0
91
96
0
179
0
107
183
0
53
0
162
0
125
130
176
23
18
9
16
0
45
0
45
23
0
16
24
0
42
0
3
17
0
0
0
0
0
10
42
13
21
21
13
34
20
21
0
106
139
0
33
8
0
0
0
4
4
26
33
6
0
0
0
0
41
61
0
0
0
0
0
10
18
18
0
9
21
20
21
13
35
0
0
1
0
23
1
0
37
0
0
0
0
20
0
66
0
46
0
31
279
239
0
0
34
111
0
331
239
256
308
0
0
0
0
0
0
274
431
0
220
0
96
407
334
0
0
0
0
29
29
0
29
0
37
12
110
13
0
132
0
141
0
0
0
0
204
167
0
0
133
223
0
0
0
166
35
0
0
0
0
0
349
0
0
0
0
0
0
0
0
32
0
0
30
107
0
69
35
0
126
51
179
35
77
71
35
22
162
80
95
33
49
137
0
0
0
0
184
0
0
127
233
0
0
0
74
0
98
0
8
0
45
0
10
36
0
39
0
29
46
0
114
0
7
0
0
9
7
0
7
0
0
17
0
15
46
49
113
0
0
108
0
0
32
117
152
70
107
26
0
122
0
76
170
0
0
0
0
0
12
12
12
0
0
0
2
0
9
0
9
0
3
6
0
0
33
32
14
42
28
24
32
17
0
0
96
140
138
0
195
0
0
0
0
220
9
197
0
0
4
16
2
8
14
12
3
47
0
0
0
48
0
0
74
0
157
0
212
0
136
136
0
282
306
57
222
0
388
57
0
0
369
0
284
0
0
0
77
0
0
0
14
7
0
5
12
0
0
0
0
0
0
44
3
0
3
21
21
21
0
17
42
0
27
30
44
27
0
19
0
28
0
0
27
1
27
0
0
0
0
33
9
0
44
0
6
94
62
0
81
62
0
68
28
44
31
125
0
0
0
0
0
20
40
0
0
40
0
0
0
0
57
0
72
0
0
0
0
74
19
0
35
0
0
30
111
81
30
99
125
0
152
75
131
219
64
99
0
0
166
0
0
0
0
0
0
10
0
0
9
0
0
89
0
0
0
86
0
0
0
0
174
169
162
0
286
0
0
0
0
0
48
0
0
169
0
0
10
0
159
49
0
0
309
78
35
87
0
39
38
97
209
60
0
0
320
256
39
232
0
396
0
71
0
37
302
0
0
0
0
45
0
182
202
342
0
0
46
417
0
0
84
9
0
9
0
0
0
0
0
0
9
9
64
66
57
0
30
0
47
0
47
4
0
2
46
34
32
0
0
20
20
52
66
0
78
66
0
26
18
18
0
62
0
75
141
112
0
75
75
80
0
0
0
8
0
0
27
0
8
32
32
32
8
40
95
78
63
0
100
0
42
29
118
118
29
62
63
166
36
182
189
0
105
67
180
75
276
0
206
0
88
0
99
0
0
16
91
0
64
44
0
64
21
139
0
0
0
64
0
0
74
0
217
48
0
0
0
305
290
84
0
0
314
0
0
298
0
502
0
0
245
0
0
0
0
0
7
0
0
51
58
135
0
216
16
64
0
321
0
287
58
516
66
0
34
74
0
0
0
0
36
0
91
58
0
0
0
0
62
41
0
40
0
0
0
0
75
30
0
90
0
0
0
41
0
0
0
29
0
39
0
55
0
0
78
321
0
125
371
0
0
104
0
31
141
0
0
0
0
8
0
0
0
0
0
13
36
0
0
0
0
0
0
0
0
0
0
0
0
22
37
236
0
0
68
250
41
0
0
194
140
0
0
0
196
112
0
140
228
196
0
110
402
94
0
8
0
0
0
50
0
76
46
157
78
102
0
49
0
0
139
0
248
0
4
0
4
4
36
0
0
52
16
8
0
102
10
72
133
20
34
56
142
122
0
10
214
0
0
0
0
100
239
0
0
0
37
0
0
349
54
314
0
0
57
0
0
0
0
0
0
0
4
6
14
12
5
7
15
0
0
11
0
0
0
0
75
55
35
0
0
36
0
47
0
0
0
0
0
56
72
142
154
0
76
53
0
37
143
246
64
0
16
96
0
89
0
0
0
277
222
197
0
37
222
0
0
0
368
0
0
146
329
0
0
0
16
24
0
19
0
23
0
89
0
0
0
0
116
48
0
0
45
139
60
0
0
0
255
31
171
58
0
0
47
180
105
58
0
0
0
0
76
0
0
47
0
8
8
16
8
0
0
0
11
53
21
21
74
28
111
95
0
72
103
16
73
120
0
175
0
0
44
157
81
0
0
0
0
0
0
0
16
77
0
14
0
0
0
21
148
19
0
0
177
148
101
100
0
71
0
6
0
0
33
14
0
0
0
0
0
0
12
0
0
0
0
23
0
10
0
9
0
0
0
28
0
61
0
0
0
100
151
87
41
65
45
0
0
0
0
210
203
0
29
0
353
0
0
0
288
125
124
0
0
0
0
0
0
0
0
35
0
47
46
0
0
0
0
24
132
4
4
0
0
8
8
0
10
12
8
21
10
8
0
28
18
10
14
13
14
0
0
13
0
46
70
0
0
0
19
0
0
19
0
61
61
65
84
19
65
0
59
0
0
0
8
40
0
82
0
14
0
8
152
0
163
0
0
33
0
4
0
0
22
35
0
17
45
0
0
42
33
0
64
128
0
171
6
88
149
142
37
0
0
0
0
0
14
20
30
10
10
20
0
27
10
63
49
32
81
32
0
71
41
7
61
0
0
14
42
39
14
20
113
42
0
0
131
81
0
151
74
52
0
120
0
0
266
0
144
245
0
0
0
144
137
225
333
49
159
174
0
271
0
0
30
122
0
0
0
26
12
0
12
0
0
39
0
31
70
0
0
0
0
0
89
50
0
131
131
58
0
117
17
26
12
24
9
0
0
0
24
8
0
0
44
35
8
33
0
0
61
81
27
109
0
0
64
0
179
0
0
0
0
68
60
0
78
58
247
0
0
0
0
0
0
0
1
5
1
15
0
52
0
52
23
0
30
71
95
48
0
115
0
0
0
0
154
77
188
0
0
162
105
188
265
118
0
0
0
77
195
212
222
0
0
0
221
0
0
25
0
0
11
0
25
71
60
0
35
0
96
34
79
79
128
128
171
110
50
238
0
0
101
207
183
0
0
0
119
107
69
0
189
0
0
33
98
98
0
0
0
0
36
0
0
0
0
178
196
0
32
45
0
0
0
192
0
0
0
0
214
0
0
0
0
0
20
0
214
202
343
299
0
0
0
0
176
486
0
226
80
0
0
14
0
0
78
97
20
0
64
23
131
114
43
0
38
101
21
148
114
0
0
131
0
0
0
0
21
0
102
0
55
16
108
0
165
0
81
0
0
163
146
0
104
170
0
97
24
253
43
188
0
114
0
211
129
0
417
0
58
391
0
0
0
171
171
0
0
0
0
0
449
0
40
0
0
46
8
0
0
17
0
0
73
0
0
40
34
10
206
0
224
204
15
179
212
275
41
275
82
0
0
0
0
0
72
83
72
80
0
293
15
0
15
95
0
27
87
0
0
17
81
59
0
0
0
0
12
220
32
106
5
132
0
0
0
0
27
125
0
0
202
0
56
90
83
33
0
0
0
36
63
0
39
261
0
0
0
238
238
60
112
70
0
65
0
2
0
16
8
0
0
20
1
11
19
58
44
54
0
0
29
0
29
55
75
100
100
0
36
36
121
19
0
14
0
20
0
0
0
0
29
69
0
39
93
0
20
25
22
88
0
172
0
4
0
142
0
0
0
0
0
67
23
58
78
0
67
0
79
109
0
59
0
0
0
22
106
0
134
30
30
53
0
71
154
69
38
34
0
34
0
0
0
105
0
53
0
22
26
58
225
0
0
0
0
0
16
0
0
16
39
42
0
0
131
33
0
0
0
0
131
0
0
33
0
16
228
0
0
139
16
0
0
16
20
0
16
0
0
0
0
0
18
0
0
4
25
17
0
0
69
23
30
0
112
164
0
0
0
72
32
139
31
0
0
56
212
0
0
1
14
14
1
0
0
0
15
0
42
0
22
13
4
48
50
9
0
0
42
0
0
53
0
45
37
89
118
25
119
179
0
0
0
12
167
0
24
0
124
26
0
149
0
0
7
0
7
0
21
0
13
0
0
40
46
44
0
21
0
108
48
83
0
32
86
128
58
58
0
325
363
59
0
0
0
114
0
160
0
455
7
130
0
4
2
0
4
0
0
79
0
111
102
146
0
0
0
3
6
0
3
0
57
0
0
0
22
12
0
12
60
46
0
0
12
0
35
0
0
0
0
0
0
0
0
0
4
0
8
0
0
0
3
6
0
0
0
0
0
3
27
30
9
30
0
66
50
18
0
0
106
0
0
0
34
161
55
90
171
0
0
0
0
27
0
0
0
0
0
0
1
0
82
93
0
164
19
7
5
103
114
0
0
17
321
98
0
0
195
149
0
444
0
0
382
0
44
0
0
0
149
0
0
0
36
56
56
23
107
0
31
0
14
0
100
39
18
0
0
0
0
0
122
52
0
52
131
0
0
0
0
33
249
284
0
224
319
6
0
13
0
21
15
0
67
0
0
0
0
0
0
0
2
0
0
0
0
0
0
24
18
0
0
0
0
8
0
4
4
10
0
0
46
0
0
0
0
50
122
0
50
281
97
0
170
0
134
403
53
263
307
0
0
0
0
0
0
0
0
0
0
0
0
0
8
0
0
0
9
11
11
0
9
0
4
71
76
0
0
0
12
0
64
0
46
0
0
0
0
28
37
39
79
0
19
0
0
0
110
108
47
29
76
0
0
0
0
0
0
0
3
0
15
3
0
0
0
0
0
16
0
0
18
111
50
22
118
0
78
0
126
60
0
0
107
0
223
196
60
111
81
0
104
0
0
0
0
0
132
81
130
131
342
211
0
280
0
0
30
36
30
66
46
94
82
0
62
0
0
108
36
0
36
0
0
0
0
14
0
0
0
0
0
0
75
0
26
0
86
0
0
0
0
125
149
37
76
133
0
0
18
32
0
37
0
0
0
0
0
0
0
49
308
248
234
324
0
192
0
360
0
591
165
0
0
0
0
0
0
0
0
0
45
82
0
18
0
0
0
102
68
117
0
0
0
0
0
0
0
0
0
252
0
0
105
0
0
163
0
340
386
0
105
0
0
0
0
0
0
2
46
54
0
0
0
179
179
60
0
55
55
164
233
134
0
312
206
0
0
0
0
241
0
105
0
139
215
0
221
0
0
0
0
0
16
0
0
102
70
99
0
129
0
28
58
95
162
0
0
18
0
108
0
34
177
10
30
0
40
0
194
10
46
0
0
237
30
108
0
0
5
35
10
13
0
18
7
10
5
0
5
0
18
45
63
0
0
0
0
0
116
0
0
134
106
60
128
0
17
0
0
40
0
186
0
181
253
124
144
0
132
0
37
0
0
0
48
18
0
10
25
0
34
0
0
25
0
0
25
0
36
0
29
29
0
177
0
39
0
0
120
200
0
195
74
0
66
66
0
247
344
0
161
265
358
265
106
106
0
0
0
0
19
19
0
20
52
0
81
0
0
29
29
49
62
78
0
0
89
107
33
62
27
109
0
0
65
27
0
111
0
0
0
137
137
24
0
0
0
0
0
53
29
53
0
0
30
0
0
0
29
0
59
15
0
0
34
0
0
0
10
0
22
0
0
0
0
73
46
22
0
0
55
0
0
4
4
45
54
0
119
29
0
27
0
96
0
86
0
45
4
0
33
0
0
0
34
21
0
0
138
0
0
34
120
147
143
151
124
36
4
17
19
0
88
110
51
110
0
30
193
163
193
57
0
95
0
0
0
81
38
182
0
208
44
63
0
258
186
183
259
0
0
196
76
76
83
347
120
22
0
0
0
115
35
0
0
9
9
19
0
0
51
69
0
19
53
58
130
0
43
164
0
24
0
0
20
0
0
78
190
184
49
0
0
0
0
26
0
2
11
16
0
0
112
0
76
0
0
0
0
26
345
46
0
359
138
190
0
0
0
13
0
31
24
0
0
0
40
0
0
0
40
116
0
164
14
99
14
0
14
0
409
102
0
0
0
102
421
246
0
0
0
0
0
0
0
10
56
15
41
15
0
44
64
33
0
70
15
12
15
0
0
0
0
8
0
0
0
0
0
0
0
45
25
40
0
131
123
0
66
201
0
25
33
0
39
33
78
0
209
63
0
0
214
66
78
0
118
0
155
71
118
0
257
0
118
0
268
0
42
0
298
283
0
142
10
0
0
20
0
10
30
60
0
0
0
29
0
54
94
0
80
137
38
75
102
0
46
0
59
112
0
0
118
65
236
0
77
0
224
77
0
77
224
0
224
51
77
300
0
0
81
9
2
16
33
20
0
91
0
0
52
18
18
138
18
0
138
0
205
196
0
18
184
115
34
170
28
0
0
163
0
120
0
48
0
244
143
120
287
0
362
0
125
0
0
59
0
87
12
16
49
24
55
12
0
27
9
6
12
0
31
0
31
0
0
15
0
0
0
0
67
0
0
0
74
132
8
68
0
0
0
0
0
0
0
107
0
15
18
81
0
207
113
0
86
0
42
0
1
2
0
0
1
0
1
0
0
2
0
0
6
32
0
0
0
0
0
12
0
0
47
70
0
0
0
23
23
55
31
0
31
0
0
67
2
2
8
22
12
8
0
10
0
4
33
0
4
8
0
0
21
33
17
17
0
0
13
0
0
59
78
16
0
0
0
0
44
70
12
0
0
0
12
72
0
106
0
12
106
48
0
0
0
0
3
10
0
4
0
0
7
6
6
0
43
0
0
0
73
23
0
0
0
79
0
37
225
66
96
0
0
0
0
0
77
330
0
0
159
96
0
0
1
0
49
9
0
0
73
30
0
40
93
102
31
0
65
142
0
0
0
168
242
74
259
105
105
80
0
0
86
112
0
112
0
0
112
98
0
0
91
216
0
0
0
0
50
0
0
24
24
82
0
0
158
72
43
144
183
0
0
0
0
0
4
0
1
3
0
1
11
2
0
1
0
0
0
0
0
46
12
0
9
56
0
0
0
0
63
0
10
0
148
38
158
73
0
0
116
0
189
31
122
0
0
192
116
89
126
116
144
146
170
0
15
0
0
16
0
14
51
49
0
56
0
74
0
12
137
0
0
0
125
55
33
22
100
0
0
0
0
22
69
94
92
0
321
20
0
0
0
0
344
120
0
0
6
6
0
20
0
21
20
12
0
22
0
0
0
219
0
0
0
199
138
180
35
0
208
55
21
365
0
175
53
200
0
48
387
226
311
235
0
1
0
0
3
0
3
25
0
0
0
0
19
0
0
88
122
18
0
0
19
124
0
0
186
0
0
0
105
128
0
0
91
165
27
72
249
0
0
268
111
93
84
0
75
0
356
42
0
0
2
0
0
0
0
0
0
12
0
0
12
12
0
2
0
0
14
0
0
28
10
2
0
0
0
34
70
7
0
190
0
213
0
63
0
250
74
131
250
87
0
36
28
0
183
127
73
0
265
0
0
0
0
18
0
13
0
0
0
19
19
0
20
19
38
19
19
0
0
19
19
1
22
27
0
0
34
83
0
0
0
0
7
25
18
2
0
34
34
0
0
26
0
0
0
0
0
11
7
10
41
41
2
29
10
4
37
69
0
52
61
0
0
54
22
70
48
24
0
0
70
22
78
81
0
122
0
22
144
0
0
0
151
0
76
111
76
35
0
274
227
0
0
258
7
7
7
0
20
18
0
0
0
0
0
0
0
0
0
0
22
40
0
28
59
0
95
95
24
0
82
0
0
34
0
0
111
0
137
0
49
0
0
101
0
0
0
0
0
12
0
0
0
2
0
0
8
0
0
0
1
0
3
52
9
0
0
70
62
70
0
0
37
21
0
0
92
0
0
26
56
0
162
162
55
6
14
0
0
66
50
41
0
0
22
23
0
0
61
99
22
0
117
0
78
0
78
79
30
84
0
81
94
0
0
0
87
0
29
32
165
0
0
0
50
72
228
85
0
0
1
8
1
26
0
7
14
26
14
15
0
31
15
16
27
0
0
25
41
78
83
131
43
83
152
0
127
60
0
61
60
0
70
204
0
134
204
67
67
0
32
0
8
0
39
0
10
13
0
20
62
13
106
0
81
16
0
9
42
168
170
0
32
0
160
276
0
0
166
0
146
0
0
81
537
0
0
175
581
0
387
40
40
23
71
0
79
0
0
0
39
13
34
0
12
6
26
0
0
16
42
0
0
132
0
0
91
91
0
88
36
85
145
0
58
0
169
14
0
0
18
0
18
0
82
0
0
76
86
115
76
138
151
151
0
76
0
0
0
269
0
187
0
0
0
61
0
40
0
243
0
110
151
269
0
0
3
145
73
0
100
58
0
0
158
65
173
172
0
0
0
121
0
0
0
31
0
0
0
0
0
121
41
18
321
228
279
0
458
0
17
17
10
34
75
0
0
55
101
0
31
32
0
0
0
127
0
0
115
0
0
173
310
0
0
0
24
0
241
0
549
475
582
0
205
115
0
0
42
0
0
0
28
28
0
126
76
44
0
0
296
0
0
209
0
0
0
0
278
0
359
155
214
0
0
282
0
190
0
0
0
0
0
0
39
0
59
33
0
0
0
31
34
45
138
0
0
251
212
76
46
23
46
300
0
22
0
0
38
23
52
63
0
109
40
0
337
106
44
115
308
118
327
18
348
0
0
0
143
422
145
115
0
68
0
0
0
436
589
0
0
0
679
65
602
92
0
0
44
0
100
433
0
10
0
0
10
0
66
9
0
5
9
0
0
36
91
58
19
0
68
103
40
18
140
0
33
0
40
279
110
0
0
179
0
76
0
193
38
0
0
59
0
0
48
83
101
29
16
105
8
47
0
97
120
105
0
34
81
27
38
8
0
51
106
50
124
116
87
40
68
0
62
0
47
173
51
81
42
236
72
0
189
16
291
367
0
0
40
145
0
0
65
41
66
0
13
0
0
0
109
0
0
20
48
9
26
0
17
2
67
0
0
19
0
0
48
0
0
0
59
25
69
35
0
0
0
0
65
207
168
106
0
24
183
0
0
145
0
0
0
0
18
0
0
0
87
0
0
0
0
18
8
43
0
62
47
114
0
17
8
0
60
163
106
0
172
0
14
7
0
7
20
0
0
0
14
0
54
0
46
0
0
0
33
1
0
0
20
0
30
0
30
0
0
203
155
85
53
60
0
60
257
121
0
85
331
257
0
0
0
0
42
93
14
0
0
0
0
0
0
0
95
189
98
81
0
0
169
0
58
29
0
38
0
0
0
140
0
0
0
87
55
0
0
0
0
101
300
269
0
61
0
269
0
0
4
82
0
0
129
0
0
23
0
23
0
30
40
127
0
33
1
0
0
167
6
118
162
0
0
0
0
0
0
156
0
347
99
16
0
0
0
0
126
133
537
0
40
0
0
428
70
195
50
531
176
0
0
26
40
0
0
27
0
75
53
53
0
0
0
52
0
275
0
322
370
0
0
93
420
87
0
0
97
0
0
0
470
0
318
422
0
0
0
195
0
423
304
0
0
0
0
0
101
0
0
17
0
1
0
0
0
0
46
28
44
24
8
0
100
50
15
0
0
70
0
97
0
112
0
0
193
36
132
40
0
0
0
0
47
93
0
90
0
141
282
19
0
0
40
0
0
0
8
8
0
0
0
28
21
22
0
15
35
0
0
0
125
76
26
41
57
61
0
0
44
7
3
25
0
7
0
138
30
256
256
88
215
130
171
27
0
164
0
63
0
170
0
20
0
0
161
0
0
0
0
0
33
40
0
0
0
0
72
22
0
0
37
0
233
278
138
29
0
212
0
51
246
0
0
0
0
0
0
0
0
28
29
0
0
12
28
0
0
0
0
53
0
48
0
0
23
0
25
30
56
0
185
98
0
114
0
272
0
177
145
139
0
0
0
50
59
0
74
20
0
0
0
0
0
0
118
0
80
105
0
178
167
198
372
0
479
461
0
78
0
292
0
0
0
0
0
17
0
14
3
0
1
0
40
0
16
0
0
15
20
15
0
57
76
76
0
27
42
54
35
17
108
0
88
41
0
0
0
42
0
91
73
236
0
203
41
0
7
0
0
7
14
16
0
30
0
0
101
23
36
54
0
0
0
35
55
0
0
0
0
41
6
2
0
0
6
56
46
0
46
0
84
14
6
16
0
30
0
0
0
20
21
0
0
22
11
0
30
0
0
70
4
0
158
0
2
10
8
0
0
42
0
10
0
52
0
0
42
108
0
30
108
0
0
0
34
0
0
0
104
0
218
201
39
210
210
0
0
0
45
161
0
0
0
22
7
14
17
14
0
0
0
0
0
0
12
46
0
0
12
19
94
131
0
72
72
74
100
237
40
107
0
255
0
0
0
1
0
0
2
0
0
0
19
7
5
0
0
9
0
22
6
20
9
0
36
0
0
0
0
102
0
0
96
0
74
141
20
129
22
54
0
172
54
0
77
0
127
33
55
0
0
63
0
0
0
102
0
156
0
195
0
0
0
0
0
0
0
35
118
0
87
50
0
0
0
0
253
93
155
85
133
0
0
188
172
0
76
0
0
0
0
0
0
210
0
30
0
110
0
105
0
31
35
42
0
0
66
132
26
0
38
149
62
0
109
0
199
43
83
138
0
26
109
83
119
109
0
0
0
0
0
0
0
318
0
6
0
6
36
0
31
9
72
42
0
0
0
0
0
43
0
0
27
0
0
0
0
0
0
94
0
56
0
0
62
26
16
0
17
0
89
0
0
98
0
121
0
0
45
0
101
0
123
0
0
47
0
0
146
97
45
194
43
246
21
113
0
167
0
0
142
0
0
0
144
198
0
0
0
0
0
0
47
0
3
29
0
8
0
25
0
0
17
0
39
0
0
0
0
39
39
135
39
0
24
123
0
0
0
7
0
75
45
0
19
14
0
0
245
0
237
0
138
0
238
231
0
0
0
70
0
0
0
48
0
0
0
0
0
0
0
0
495
662
0
0
0
6
0
267
134
260
0
3
51
51
6
45
33
0
54
0
0
0
12
18
66
6
0
0
0
0
0
0
20
0
0
0
0
41
41
21
28
7
0
0
0
0
0
0
80
0
43
0
24
0
0
0
0
0
0
0
8
0
0
17
0
3
0
0
86
0
25
0
0
0
25
28
19
0
28
7
55
114
0
51
28
0
0
64
76
95
95
0
31
0
0
74
0
0
153
0
0
0
0
0
233
0
0
116
0
0
0
0
0
0
15
10
8
13
3
20
0
10
10
14
19
0
42
19
61
61
0
57
42
25
88
88
0
61
0
187
67
0
137
194
154
217
217
149
0
0
0
233
72
0
86
86
0
14
0
0
0
0
11
0
21
0
15
0
0
0
0
57
0
0
11
40
0
30
79
20
89
65
0
65
0
0
99
0
0
0
44
0
207
53
207
66
53
217
290
83
202
91
0
127
0
0
0
44
37
32
84
0
0
91
0
23
72
0
75
0
75
72
42
44
111
148
37
37
0
0
174
0
238
180
0
119
208
275
0
154
0
154
0
67
0
116
101
0
0
0
0
0
0
20
8
32
0
0
0
0
64
0
0
71
21
0
0
103
0
0
0
0
92
10
0
0
168
268
0
124
0
0
66
185
0
267
0
259
412
89
505
0
0
14
14
59
8
0
0
18
0
40
0
0
36
29
11
0
48
48
0
0
109
0
109
0
189
0
82
0
0
35
116
236
254
0
24
0
8
10
0
26
8
11
11
19
0
11
12
0
0
34
27
34
27
0
155
0
35
0
94
0
88
0
25
97
0
157
110
53
0
0
0
0
0
18
0
0
0
0
0
138
29
77
0
0
0
0
70
88
0
143
101
0
218
44
47
78
305
351
116
0
0
0
65
0
0
186
0
339
273
129
75
133
107
57
0
326
0
94
94
126
87
0
0
0
0
0
27
34
0
0
12
0
0
0
0
16
56
39
3
62
0
0
0
35
127
0
0
0
29
91
29
109
109
0
0
94
0
24
0
0
0
0
0
0
49
0
0
0
0
114
0
0
137
0
86
474
0
164
197
200
0
11
0
10
11
0
0
8
30
8
30
24
0
15
15
15
39
33
78
0
32
83
36
0
0
38
41
144
0
0
0
0
0
0
0
0
10
0
0
0
46
0
0
0
46
0
76
0
66
23
137
0
0
161
82
56
59
79
0
0
0
0
2
8
34
0
0
0
0
0
0
0
0
22
0
0
0
44
0
0
0
0
0
0
61
28
0
159
0
226
0
0
35
42
98
0
0
1
1
0
4
44
0
0
38
0
101
0
101
70
43
102
0
32
0
40
0
0
0
0
0
150
35
35
88
0
0
0
0
73
179
173
0
0
0
0
0
221
0
0
209
137
0
0
0
0
52
36
0
0
44
71
90
0
0
45
75
0
112
0
0
0
312
304
112
0
22
0
0
144
487
0
0
312
458
240
72
0
504
533
222
0
0
0
340
161
447
0
401
0
117
0
0
24
0
1
0
0
0
0
34
0
8
0
8
0
0
0
0
0
0
0
0
3
0
0
0
0
0
5
0
0
14
0
0
75
91
0
0
79
0
0
82
82
19
19
0
0
0
0
0
0
0
0
0
4
0
25
0
0
0
57
10
0
26
84
42
18
44
167
0
176
0
56
25
35
106
25
68
91
0
260
137
0
0
137
25
62
0
0
18
80
0
0
155
34
27
0
0
4
0
73
0
124
0
133
0
38
0
26
4
44
39
0
0
0
215
0
0
103
321
0
295
237
0
53
489
325
0
0
0
272
0
331
621
251
0
621
90
0
0
2
0
1
7
0
3
0
15
0
22
0
43
0
22
88
36
26
99
160
0
0
0
0
0
54
75
202
28
0
0
20
8
0
8
0
46
65
36
29
0
34
0
113
0
0
36
7
203
203
0
153
181
0
0
10
12
29
17
0
68
132
85
0
96
79
118
0
0
217
58
128
0
0
0
183
34
0
217
0
229
118
0
55
91
0
0
229
73
176
0
138
55
73
0
0
0
0
273
83
80
110
0
415
0
14
0
0
7
7
0
0
0
0
0
0
53
0
9
41
0
0
124
0
23
160
0
0
90
190
63
197
0
30
83
0
0
217
0
275
0
0
0
36
71
0
80
147
44
63
39
0
8
0
0
85
26
121
33
33
88
174
0
0
55
0
0
0
21
31
57
24
0
58
27
46
0
40
58
58
0
52
104
0
0
119
97
38
0
84
0
22
0
0
110
168
227
26
81
0
84
149
230
18
84
46
237
343
0
258
202
0
0
0
0
427
49
0
0
0
25
0
0
0
0
8
14
0
14
14
0
94
23
0
71
95
0
0
162
118
71
0
22
103
0
111
184
0
0
192
146
0
39
194
29
0
0
72
0
0
0
27
22
65
118
125
0
0
23
0
0
88
16
0
39
134
146
0
0
0
13
13
13
0
8
0
21
29
0
0
0
21
37
25
0
41
0
43
0
25
26
61
52
52
61
17
0
43
0
9
9
28
1
6
0
0
8
43
0
28
17
104
17
28
43
25
25
73
113
36
46
24
36
230
51
101
0
161
0
36
27
0
0
0
79
0
111
0
0
240
0
90
0
347
0
0
0
0
0
0
0
0
0
16
0
0
0
0
8
0
0
59
34
0
20
27
0
22
93
84
0
141
0
0
79
0
0
0
52
27
6
21
26
0
39
0
0
0
0
117
0
0
214
0
0
0
0
0
0
5
5
50
0
66
84
0
60
170
78
0
110
0
84
0
0
147
26
78
26
0
0
0
0
78
165
87
27
0
0
0
0
44
0
0
0
0
0
48
0
0
24
0
58
0
163
0
41
0
0
0
0
6
116
98
28
0
227
0
0
0
44
0
0
65
0
19
150
97
32
0
32
285
100
97
0
0
0
0
0
0
0
0
0
0
1
14
27
27
0
23
0
0
0
21
0
57
57
34
33
23
0
41
32
125
69
0
0
0
0
0
0
15
15
29
0
14
27
119
0
0
32
0
124
87
128
82
0
54
18
184
154
103
109
192
0
95
0
95
257
0
308
179
193
45
84
99
278
6
0
0
0
0
3
0
13
0
28
18
0
29
137
0
0
0
221
249
0
21
0
0
0
10
261
0
0
260
0
0
313
0
0
391
0
84
199
49
199
0
301
0
0
0
395
309
0
551
0
60
0
0
16
0
10
0
6
10
6
10
20
0
0
15
0
4
0
0
0
0
0
0
53
0
102
92
0
33
92
184
158
0
0
219
175
0
0
0
0
178
221
82
122
43
215
156
0
0
0
0
0
24
42
42
0
61
0
21
10
31
21
41
0
83
0
52
52
83
0
0
0
22
52
0
42
0
63
141
0
68
274
0
48
0
0
0
11
2
11
4
6
0
30
22
10
30
11
9
0
29
0
0
0
8
0
6
36
0
22
0
0
0
136
36
136
0
29
0
0
155
96
12
179
0
210
172
249
0
12
0
20
43
0
106
32
155
124
0
0
146
120
0
0
0
0
0
8
0
64
56
0
50
101
0
0
156
232
0
184
0
218
56
102
238
52
0
401
0
310
310
0
0
0
168
282
0
0
0
109
28
28
273
0
88
190
0
0
0
0
0
0
3
6
22
0
65
40
0
0
68
137
0
83
0
59
0
56
0
4
0
168
104
0
128
0
0
0
10
10
0
18
0
0
0
8
0
32
0
36
0
0
0
28
14
14
0
63
0
0
49
54
49
25
46
124
138
0
68
55
0
116
21
21
34
0
44
39
130
44
0
0
0
29
0
0
0
85
58
43
0
154
0
0
0
0
0
7
0
0
0
108
8
0
24
0
0
57
0
0
57
16
0
0
3
0
7
17
7
7
18
0
11
8
0
0
33
8
0
10
0
0
0
33
11
22
62
62
15
0
41
41
26
0
49
97
15
0
97
56
0
0
0
20
0
0
135
0
137
26
0
0
244
105
0
0
230
47
0
0
0
23
48
0
17
79
0
0
0
0
64
66
0
0
28
0
44
111
167
0
19
271
0
272
0
204
272
252
233
0
0
75
0
4
0
0
0
0
10
0
10
0
0
16
6
92
80
0
86
0
0
107
18
0
155
0
8
0
0
0
6
21
0
0
52
151
71
0
31
20
20
155
140
0
0
0
0
110
306
385
178
0
399
0
0
141
354
55
0
0
0
469
0
335
372
0
439
0
0
221
0
509
221
0
0
14
20
70
0
2
41
46
0
0
43
44
0
0
84
0
208
212
0
0
0
13
38
174
161
273
131
19
109
0
0
0
21
0
208
198
189
26
0
0
0
0
27
0
0
50
0
80
0
0
22
0
0
10
10
73
67
0
5
133
112
0
82
0
0
56
26
151
0
111
174
0
22
0
0
22
0
0
0
53
0
0
0
0
0
19
0
12
19
0
19
0
0
0
0
0
25
0
0
25
13
47
47
0
74
0
0
0
10
0
10
0
10
20
0
0
14
0
0
38
2
0
7
0
0
0
1
0
12
23
0
0
20
0
0
1
6
10
5
21
25
5
20
61
62
40
0
61
40
42
62
0
0
0
3
33
97
0
45
218
0
51
1
0
9
0
31
0
0
0
98
80
0
32
0
0
32
51
53
0
64
64
190
79
153
213
0
0
80
58
0
72
94
0
0
0
87
95
210
95
0
122
228
239
348
0
0
0
0
34
0
0
0
6
0
41
0
9
82
0
24
102
105
22
135
106
0
0
0
156
126
0
0
0
0
49
234
64
117
205
0
310
31
36
0
158
0
0
0
346
0
0
249
23
0
20
10
0
0
5
0
0
29
28
0
5
0
48
0
0
0
21
0
92
52
0
15
0
0
0
34
98
0
0
10
0
15
5
5
14
5
0
5
0
0
0
15
54
0
0
0
20
0
75
0
33
27
137
232
134
236
0
0
0
42
96
54
0
9
0
0
0
0
120
18
35
0
0
0
0
0
51
0
0
4
6
0
0
0
109
79
117
0
65
0
0
162
85
0
251
130
136
0
0
24
0
0
315
250
32
315
0
56
0
0
398
0
1
1
0
0
16
0
45
58
0
0
20
0
0
0
0
0
0
0
44
0
112
114
0
119
17
0
0
18
18
0
18
0
18
0
0
0
8
0
0
18
8
0
0
27
27
0
22
38
0
0
0
0
0
0
0
35
130
0
0
2
71
10
33
9
41
0
0
0
0
0
0
0
188
163
98
0
0
0
0
0
64
0
0
16
14
0
0
14
0
60
37
0
0
24
80
8
0
65
0
0
0
103
20
0
103
19
0
0
0
0
85
177
233
84
34
0
0
0
39
0
61
61
0
216
80
0
370
0
0
0
0
0
0
36
0
0
0
9
0
0
128
433
258
351
413
396
0
0
0
12
335
0
27
0
655
0
0
0
0
325
752
274
488
436
193
282
762
713
0
54
0
10
46
0
0
0
59
27
37
0
62
0
18
0
0
87
0
0
0
0
0
50
31
15
0
69
0
33
0
39
0
0
39
15
15
0
0
184
90
30
55
231
0
127
127
67
199
140
90
49
49
0
67
0
0
40
0
67
354
0
37
0
0
0
85
0
382
268
95
0
0
44
276
106
0
0
0
0
0
0
0
0
0
0
21
48
0
15
13
0
13
10
43
0
0
16
58
157
130
136
0
79
0
28
81
70
60
0
0
59
92
0
215
0
36
8
0
242
41
264
35
0
0
0
16
16
40
0
0
41
17
45
9
62
13
49
44
0
0
4
0
36
105
53
26
77
81
0
0
1
0
0
73
127
112
0
0
1
74
49
130
118
141
55
0
115
59
244
0
188
0
129
54
119
356
147
0
356
0
158
287
303
0
0
200
111
34
187
84
175
27
110
0
0
4
0
0
0
43
0
8
0
12
0
0
0
38
0
0
0
71
0
71
17
148
60
63
92
183
0
0
244
202
0
39
0
272
0
34
226
105
0
300
0
0
0
35
0
0
38
0
0
0
3
0
48
12
0
38
10
0
0
0
95
136
0
0
109
195
0
0
0
58
37
0
0
0
6
0
6
0
9
18
0
20
20
0
49
40
23
0
0
14
0
0
0
8
32
18
0
23
0
0
0
0
12
0
0
49
48
0
0
0
125
43
0
0
76
76
0
51
25
135
99
190
99
64
99
66
165
169
0
70
169
0
107
0
111
37
0
0
0
17
29
22
0
7
12
20
0
50
64
26
36
42
106
0
45
107
111
49
156
62
111
45
0
123
0
70
0
77
141
64
64
64
64
214
157
0
7
0
63
0
0
24
0
57
0
12
0
136
41
0
26
116
116
0
0
101
0
40
0
0
153
153
36
53
164
102
0
0
0
0
68
0
0
0
5
0
0
0
0
22
0
0
11
2
2
4
0
65
0
0
149
0
0
0
163
0
0
87
34
111
0
24
0
32
0
71
69
0
0
2
32
0
53
41
0
0
0
12
55
0
59
0
43
0
0
75
0
0
106
9
44
16
219
0
0
0
0
0
0
0
0
0
10
0
0
0
0
58
0
42
83
0
143
93
27
285
0
75
0
75
61
175
11
105
0
161
202
0
0
82
135
0
131
0
0
180
182
396
228
220
3
6
0
12
13
10
0
7
0
0
0
32
0
35
0
0
101
79
0
22
44
26
100
0
82
0
18
0
0
0
8
0
0
0
0
81
117
158
0
69
29
89
34
0
0
128
97
0
106
0
0
26
0
67
7
111
0
0
0
0
0
0
165
283
0
0
0
249
41
26
148
293
0
75
0
260
95
0
0
427
392
0
178
324
0
0
132
0
0
0
0
0
56
132
12
0
135
143
54
0
110
196
201
171
105
19
285
180
67
215
206
0
166
0
419
0
0
0
0
233
0
13
0
0
0
0
26
0
62
0
30
33
0
0
181
0
110
48
0
56
104
81
53
0
132
322
0
203
0
66
104
61
0
233
386
101
254
319
182
166
0
0
0
262
0
186
327
233
141
318
0
0
0
0
0
0
6
0
0
0
64
62
0
24
42
12
39
0
0
6
27
219
0
16
0
0
162
0
0
60
51
13
0
29
0
27
15
0
0
22
0
0
39
0
0
139
39
73
0
42
26
6
0
0
2
0
0
50
59
0
0
4
2
26
162
0
0
0
38
74
0
0
144
38
34
0
52
0
0
0
20
48
340
297
337
213
63
0
0
13
41
95
0
114
0
0
72
34
0
24
134
0
0
78
24
0
0
0
0
0
0
0
40
0
298
63
248
20
233
0
120
305
343
60
80
212
173
273
0
133
0
0
0
0
0
0
0
0
0
31
50
0
0
18
0
19
128
0
101
123
207
0
0
0
111
217
111
0
0
0
39
0
0
0
82
205
126
0
39
0
0
0
51
0
0
166
0
102
102
0
434
226
0
0
0
0
133
0
0
136
0
134
0
253
172
73
0
77
63
0
63
0
0
0
0
0
158
131
9
0
0
0
47
344
0
14
0
44
372
0
172
266
0
0
68
0
0
65
0
0
0
0
467
58
580
0
81
336
0
0
0
8
18
43
94
0
20
7
0
7
65
0
0
0
26
21
0
276
43
4
224
324
50
244
0
0
0
70
0
0
0
347
102
20
0
319
4
0
0
252
0
327
0
0
0
0
4
0
0
10
5
4
0
5
33
11
55
0
28
0
0
59
31
0
17
35
26
108
91
0
83
0
0
64
50
0
138
130
32
0
0
0
0
8
0
0
0
0
0
0
0
45
0
30
96
109
13
5
79
67
8
81
0
115
0
0
14
50
29
29
64
0
0
0
161
192
0
0
74
0
0
0
74
74
126
0
13
0
0
0
0
0
0
0
0
0
75
123
123
101
0
188
0
228
114
0
0
161
0
0
136
0
64
228
192
244
240
90
66
94
156
74
90
0
0
0
287
24
0
0
0
16
0
0
110
224
0
79
116
0
233
65
0
177
0
65
0
0
0
53
0
308
0
0
321
458
208
0
84
182
46
72
548
0
302
1
0
0
0
5
37
37
0
21
58
0
7
7
0
0
21
101
0
8
53
0
76
0
29
0
55
0
197
0
165
0
0
0
164
158
0
12
0
6
6
39
39
45
29
29
0
8
65
0
36
21
29
76
43
63
63
57
39
39
39
44
0
108
116
0
132
196
137
0
0
75
0
195
94
0
266
94
273
0
165
273
71
210
77
0
0
0
3
3
0
0
17
3
12
12
8
15
34
25
0
0
33
0
0
13
26
0
0
26
96
86
109
0
0
55
20
75
88
0
36
33
211
175
62
34
213
0
0
0
0
63
135
0
52
0
150
0
50
132
0
0
0
42
16
0
55
0
0
0
2
0
0
0
4
0
0
4
8
20
0
0
12
0
0
0
0
6
0
0
5
0
0
81
0
28
105
0
5
25
0
85
29
90
68
0
31
0
0
124
0
339
30
0
0
120
38
151
308
0
0
0
10
10
0
0
9
0
0
14
0
0
18
0
0
16
0
0
30
18
21
0
0
17
86
14
36
142
152
0
180
0
0
52
209
0
0
63
0
0
24
56
0
28
0
0
0
0
112
169
274
41
101
24
0
83
433
31
25
99
0
0
0
148
162
99
141
31
183
0
150
0
196
0
0
0
189
0
0
189
0
0
80
0
0
2
199
27
73
266
0
277
6
141
0
264
193
0
0
112
61
0
83
140
223
0
0
0
0
274
0
0
6
0
6
0
0
0
10
27
65
0
0
25
93
0
0
144
41
74
0
0
33
81
41
190
131
258
0
102
0
0
162
0
152
368
107
0
287
0
0
0
10
33
0
0
31
31
10
0
16
45
87
87
0
35
0
0
57
14
0
0
0
0
0
111
23
0
0
35
0
0
74
0
0
88
0
0
30
163
144
59
199
36
0
142
0
0
30
0
0
0
55
20
0
155
107
10
0
0
136
0
62
33
0
200
0
0
0
0
0
77
0
256
71
342
220
128
0
257
26
173
71
288
35
0
0
0
25
320
344
0
0
0
129
52
0
6
0
36
18
0
0
0
0
58
0
52
146
0
2
0
0
0
0
0
5
0
10
0
0
0
0
0
0
0
0
0
0
9
37
23
16
58
74
56
95
0
0
0
61
117
124
0
0
102
99
100
82
214
35
0
59
59
0
238
147
208
318
164
164
107
0
346
0
287
362
182
182
232
0
7
0
4
92
65
43
45
127
89
0
0
131
0
0
248
14
0
334
0
0
0
13
291
131
0
146
0
296
0
0
9
0
37
0
0
85
112
31
0
129
0
5
9
0
8
0
17
26
31
0
0
0
30
0
11
78
24
142
35
70
174
107
0
0
0
234
149
71
32
37
163
254
134
0
15
0
0
0
0
12
16
22
58
0
0
114
77
0
73
0
73
16
73
186
16
186
174
0
0
0
220
0
0
130
0
237
0
0
2
0
0
0
30
3
0
3
3
38
38
0
0
0
0
0
0
1
5
1
0
0
7
0
0
5
5
5
0
0
0
20
8
12
0
45
16
59
55
27
61
39
78
0
0
0
117
0
87
114
114
87
0
46
137
0
137
72
130
0
150
32
32
0
0
226
160
0
0
0
0
0
4
20
0
20
7
0
7
0
31
0
14
5
56
0
0
102
71
67
0
42
137
0
0
53
36
23
0
0
84
97
0
22
85
154
69
0
0
0
0
0
26
13
39
0
83
0
0
0
128
0
45
10
63
168
120
130
61
59
0
0
83
222
0
0
96
96
193
253
97
253
199
187
89
187
110
0
36
0
0
0
4
4
2
2
9
14
2
0
0
8
0
0
32
16
0
16
0
91
0
67
0
75
0
0
253
86
0
0
0
0
0
128
0
0
0
119
0
0
316
0
0
62
140
0
116
0
47
0
78
0
0
200
91
210
36
0
0
33
27
0
24
0
0
0
46
108
0
0
0
146
83
270
0
0
168
40
267
0
4
0
0
0
0
0
0
26
0
0
36
80
80
52
0
0
1
0
1
5
0
0
0
4
58
17
0
0
0
12
12
6
0
12
0
0
0
0
10
0
0
3
13
0
14
3
0
0
0
0
0
0
32
16
44
52
0
0
12
34
0
65
0
55
86
0
94
30
0
116
116
140
140
0
0
47
0
157
123
0
236
172
0
0
0
0
0
0
20
0
32
56
43
123
0
111
0
0
15
17
67
0
26
242
128
0
0
99
72
0
0
35
254
68
0
80
68
21
159
0
0
84
127
48
29
0
129
277
28
310
0
61
502
24
119
0
493
0
263
69
71
148
429
420
79
675
40
39
9
119
10
0
0
0
114
0
87
0
104
47
47
107
0
51
0
184
22
30
0
223
0
0
0
256
45
0
504
276
245
0
0
0
28
38
0
11
11
11
0
0
0
0
30
0
10
0
10
20
81
0
0
43
32
0
0
0
38
146
0
76
37
196
172
0
222
187
111
111
0
188
0
76
66
20
0
14
0
0
22
0
61
144
0
16
0
0
0
0
0
0
65
60
0
34
34
74
35
0
45
45
0
37
50
0
42
0
0
0
138
46
0
0
6
0
0
0
0
23
0
57
31
0
0
0
0
35
91
0
0
33
155
85
41
0
0
51
29
0
0
89
41
0
125
231
129
0
127
0
0
0
67
67
0
0
0
0
2
31
27
171
0
0
0
29
248
0
0
46
0
35
0
0
396
278
407
187
0
0
0
646
0
233
651
0
145
415
0
0
0
0
0
233
239
69
326
0
317
0
474
605
0
569
0
9
0
0
0
92
0
0
0
138
0
82
48
16
12
24
0
70
97
100
48
281
0
0
0
213
0
0
0
368
77
0
0
34
181
4
20
12
8
40
36
0
32
0
0
70
61
0
0
0
102
0
0
0
124
0
0
0
0
0
0
0
141
128
26
241
0
191
107
195
118
0
21
0
7
0
14
0
6
0
0
7
33
0
7
0
0
0
86
0
19
112
66
30
32
125
32
21
0
64
0
78
115
0
0
82
126
159
0
207
0
0
24
0
253
57
50
6
6
27
0
0
37
37
12
16
12
0
37
12
21
0
22
0
0
16
0
32
0
22
0
24
13
0
0
52
89
0
170
0
0
123
0
61
0
0
389
389
61
0
254
0
359
0
0
315
197
0
251
0
0
547
307
147
67
83
0
0
0
0
0
0
6
0
0
20
26
34
18
18
0
0
71
52
76
19
0
33
38
65
0
77
0
127
127
104
0
164
187
0
0
0
140
133
211
377
0
202
0
0
0
362
0
0
32
16
16
0
0
0
0
56
51
15
51
36
28
0
28
25
34
36
67
34
0
67
0
104
0
0
38
0
0
42
82
42
90
50
0
0
129
70
0
0
226
143
0
173
94
0
191
97
201
194
94
108
0
0
0
0
45
25
0
85
0
0
0
69
0
0
83
67
0
147
77
152
0
0
0
0
58
0
75
101
159
0
323
92
0
0
261
162
0
0
0
0
0
0
0
0
0
0
0
35
0
0
29
48
34
0
121
0
0
0
0
0
0
0
0
5
3
24
2
48
0
2
8
26
0
0
13
0
0
103
9
18
0
0
0
36
36
41
0
121
139
110
168
239
220
79
0
78
156
0
150
0
4
0
0
0
0
0
21
0
18
12
39
0
10
0
0
0
50
0
0
26
0
237
188
148
0
58
0
0
18
177
101
136
101
0
0
77
0
0
42
0
0
42
10
0
0
0
0
39
11
0
0
0
0
108
39
23
23
233
0
48
73
0
91
0
323
0
0
41
0
9
0
0
382
93
73
280
101
250
0
250
34
0
0
0
0
0
38
21
94
59
0
88
0
0
94
0
69
0
137
0
141
93
0
133
133
17
0
28
209
68
173
0
149
24
185
166
0
0
45
219
102
45
302
0
304
223
0
79
134
0
134
0
35
0
222
334
441
0
0
250
0
10
10
0
10
0
0
0
0
49
8
34
87
0
0
39
17
0
11
17
116
85
23
165
0
40
0
36
0
300
0
0
0
381
0
94
41
422
0
391
0
354
414
0
0
0
0
380
0
66
356
289
6
21
13
28
35
7
0
0
0
36
43
74
88
11
7
0
74
74
0
0
39
42
0
0
13
27
0
0
0
169
0
0
40
0
14
29
0
57
65
74
0
0
0
0
6
12
0
35
35
32
0
65
48
0
98
32
33
65
0
78
67
44
190
0
210
122
245
0
41
57
51
97
183
41
0
66
0
0
155
172
233
0
147
0
113
0
162
173
0
0
0
0
0
0
2
0
0
7
5
0
7
2
0
11
0
0
8
0
0
59
14
0
36
0
48
42
33
0
186
0
0
0
30
34
48
22
0
45
0
0
178
274
0
364
0
392
0
66
65
0
0
0
526
383
155
495
0
227
144
202
0
11
11
24
6
0
0
0
30
23
0
29
0
0
101
36
102
25
110
42
0
0
0
48
12
148
66
235
110
0
0
0
0
116
53
195
65
0
212
0
166
0
156
0
247
210
129
244
0
0
0
0
0
0
0
7
0
0
0
26
0
88
0
44
19
0
132
0
83
46
0
0
143
182
64
0
0
0
46
0
0
17
72
0
75
6
63
22
37
0
0
21
28
50
52
28
1
43
94
0
43
97
21
6
60
0
0
0
0
93
0
18
48
99
190
0
0
175
0
0
0
2
0
0
2
0
0
0
0
0
29
9
22
0
0
0
4
2
19
0
44
0
0
49
49
60
96
0
0
0
0
0
0
0
88
0
201
245
359
0
46
0
281
373
93
46
23
53
0
53
30
0
53
53
30
73
33
0
0
33
213
237
0
305
310
0
363
0
70
0
207
0
428
506
63
0
16
0
0
13
3
3
3
16
3
29
75
0
0
10
106
0
20
0
61
138
0
0
59
0
0
0
184
0
159
104
3
171
0
0
32
12
0
87
171
191
44
203
0
0
0
0
0
0
0
35
70
0
70
0
0
156
0
50
166
0
66
32
0
37
194
0
75
209
4
0
0
27
0
0
15
14
0
85
32
122
173
0
176
187
176
195
248
0
27
0
0
103
0
0
0
0
430
223
0
0
229
0
429
0
0
429
90
278
473
90
528
151
26
0
476
0
4
0
22
0
12
0
0
153
194
0
0
0
6
6
24
193
214
154
0
0
0
169
51
240
298
228
0
143
276
0
33
19
0
40
0
40
0
19
0
0
0
0
41
11
0
0
105
120
40
0
33
0
140
0
0
140
0
158
0
1
0
0
0
0
16
0
0
7
151
175
90
245
0
141
34
63
0
254
0
0
119
0
221
0
123
189
0
0
0
0
0
0
0
0
0
0
0
62
28
8
12
42
0
70
0
0
88
0
10
0
0
0
0
0
0
19
0
0
0
0
0
0
79
79
0
0
0
10
0
95
60
146
0
0
18
43
146
0
0
160
27
0
51
183
0
0
68
163
0
172
0
0
0
24
322
0
0
73
65
0
100
0
2
57
71
7
19
0
2
0
0
0
0
0
4
0
0
0
0
10
13
0
9
50
0
83
8
15
89
0
15
0
0
13
0
0
13
0
0
52
0
0
24
23
0
0
0
51
0
42
7
138
0
0
0
0
0
8
16
0
8
0
0
0
40
0
97
0
65
21
148
148
0
319
185
287
0
50
214
100
0
197
0
61
0
0
0
0
0
59
101
72
92
0
0
0
0
87
0
96
4
38
25
25
0
28
0
33
23
23
25
37
100
83
33
0
81
38
86
129
145
50
95
0
58
45
10
10
21
18
0
0
40
0
79
0
36
82
78
82
0
118
82
42
40
0
0
0
86
84
0
48
106
0
146
55
50
115
0
140
81
87
168
246
0
3
0
16
20
20
0
0
27
28
9
0
0
0
0
0
95
52
0
93
37
0
27
85
84
0
0
35
0
0
119
0
42
342
0
0
59
270
326
0
93
0
93
174
0
402
179
0
0
158
0
0
0
0
203
195
95
0
129
0
0
0
0
0
0
10
41
0
0
14
0
0
0
0
29
0
0
65
0
0
0
0
0
20
41
19
31
0
19
1
0
8
9
18
0
0
107
0
66
0
0
125
18
0
48
0
0
207
148
171
54
117
164
235
43
266
173
0
266
0
0
5
32
32
0
0
12
0
0
43
145
0
12
0
43
7
12
0
17
33
8
73
30
0
0
0
0
53
18
0
0
0
0
6
0
0
0
13
0
45
0
48
0
0
0
135
0
0
0
0
0
9
9
38
6
0
0
3
25
0
0
19
22
13
23
13
78
0
21
0
0
14
0
0
0
0
172
131
95
52
243
0
196
0
199
108
88
0
97
199
0
0
0
0
0
5
0
32
0
0
0
0
0
0
26
32
26
0
66
0
20
10
0
0
44
34
0
25
0
0
12
98
53
28
0
31
0
146
75
0
148
0
0
0
0
18
88
0
0
0
88
150
150
94
0
0
0
0
0
309
77
0
0
0
169
92
138
219
394
219
84
190
213
0
14
0
14
0
14
4
4
0
9
18
5
18
14
14
9
14
46
0
0
13
10
0
21
0
55
0
0
20
40
16
0
16
0
70
31
25
76
0
98
131
45
139
2
0
0
15
0
15
5
5
0
20
0
46
54
66
3
90
0
0
103
20
10
0
85
0
0
0
132
0
0
99
0
51
134
0
0
3
0
0
150
105
0
0
132
89
0
0
241
0
0
0
235
0
0
0
0
81
54
57
0
46
0
117
104
0
23
46
0
18
46
113
0
136
50
166
144
0
0
59
0
27
0
0
137
0
236
30
46
274
0
295
41
0
0
101
254
0
32
9
24
0
67
0
125
0
0
52
0
18
18
305
313
0
16
0
244
0
442
0
194
386
0
0
570
51
0
522
0
0
127
0
0
0
0
0
0
545
859
745
117
0
0
0
0
9
0
0
19
0
9
0
60
28
0
0
66
66
75
69
6
48
59
16
16
41
0
0
16
47
0
112
96
0
129
16
100
137
50
73
0
79
29
161
47
161
161
0
0
0
0
0
20
12
0
0
8
0
67
0
21
87
21
40
0
75
0
29
30
136
46
0
160
29
0
209
37
0
0
138
0
47
211
211
116
166
0
0
6
22
20
42
0
0
25
0
0
30
40
40
0
27
16
16
16
16
0
0
16
0
0
34
0
0
0
0
24
42
106
0
26
160
171
54
0
191
173
0
0
75
219
245
0
0
0
197
0
0
0
0
5
0
15
71
0
0
0
24
0
0
0
39
109
0
53
53
146
0
0
0
0
0
0
227
0
166
129
0
0
0
212
0
0
0
17
183
266
153
0
284
259
308
61
148
76
0
0
0
84
38
225
0
38
57
57
0
17
0
28
0
0
2
2
0
0
4
0
8
17
0
67
61
22
93
0
0
114
0
45
69
0
0
0
0
0
0
109
44
0
101
0
49
0
0
0
49
69
0
0
220
0
0
0
0
47
0
45
183
0
0
179
0
0
0
37
208
0
148
89
0
0
0
117
0
0
287
288
0
2
0
5
0
7
2
0
0
9
0
0
9
24
33
16
0
0
0
7
0
48
0
66
0
26
55
58
129
0
0
46
0
107
238
152
65
0
2
5
29
27
40
18
29
0
44
63
150
150
120
0
0
62
0
0
207
87
158
0
0
0
0
0
8
0
0
8
0
0
0
0
0
38
0
0
0
173
235
0
95
92
0
90
323
0
222
396
45
332
110
81
334
267
0
0
325
484
0
0
106
0
0
187
0
0
627
57
0
0
135
0
36
12
0
0
0
0
0
48
16
24
0
0
16
100
0
52
190
152
16
190
16
0
37
162
147
156
0
0
0
0
0
6
25
61
10
22
101
82
103
0
0
11
0
23
0
115
0
84
142
36
198
0
159
0
0
93
80
103
0
99
0
0
25
0
0
6
0
10
0
0
0
10
2
6
0
0
0
0
0
46
12
9
66
0
0
0
0
0
16
0
0
0
11
0
19
0
40
0
19
0
0
35
29
35
68
83
32
32
42
86
47
47
51
51
127
0
57
141
62
0
146
146
166
10
10
44
108
80
40
0
0
20
20
225
104
193
202
50
50
242
0
0
112
88
0
89
0
0
0
142
246
0
100
116
334
0
0
0
0
298
0
21
0
10
0
0
10
9
0
128
101
0
0
0
28
0
57
0
116
0
57
0
0
0
0
339
92
0
0
0
0
18
55
82
12
77
34
34
0
0
156
120
87
0
119
0
0
0
20
0
0
112
74
87
0
0
20
132
0
0
0
0
146
0
74
0
20
0
24
8
36
29
42
15
45
33
0
47
37
90
0
0
90
57
60
0
137
0
110
113
0
147
60
49
223
0
0
0
0
0
0
0
23
0
74
67
28
60
21
0
28
104
74
0
0
0
4
2
0
5
6
2
3
0
2
0
4
0
2
12
0
0
0
0
0
0
0
0
0
12
0
94
0
0
0
4
0
0
101
109
0
16
20
32
177
19
0
49
0
140
107
0
136
288
96
0
0
0
0
0
0
0
14
68
74
62
28
65
0
0
19
228
36
0
293
36
0
68
107
52
0
330
134
0
0
107
157
7
0
0
23
62
69
18
15
39
91
0
71
37
86
0
32
0
141
36
129
35
41
0
0
0
17
271
252
0
257
0
46
0
219
28
326
225
0
165
310
59
0
0
0
0
0
0
9
19
0
21
0
18
0
3
35
34
34
35
0
34
0
62
38
106
0
0
86
0
45
93
47
91
47
145
52
0
47
0
69
129
115
115
1
1
8
0
0
97
33
13
92
71
119
0
84
0
27
27
207
0
0
184
182
87
97
182
0
55
199
0
0
0
30
0
0
54
0
4
0
0
0
0
52
0
0
39
0
27
18
0
0
0
0
29
0
0
124
0
0
25
0
144
0
156
38
0
0
194
48
0
93
273
216
0
241
102
0
62
154
86
68
62
0
68
270
0
0
155
0
0
8
0
69
49
0
0
0
0
118
0
0
57
303
0
119
0
275
120
216
162
35
119
0
0
0
0
120
200
0
268
179
314
0
0
0
30
50
0
0
0
40
26
0
0
42
0
0
0
0
0
0
0
0
6
0
35
13
13
22
0
0
0
0
48
0
0
0
0
0
0
0
0
70
158
0
141
112
58
0
0
54
0
0
0
0
0
8
7
18
38
0
10
23
0
37
0
43
25
12
37
18
18
32
0
19
0
0
39
0
0
29
58
68
78
29
114
0
114
78
79
0
39
89
0
0
145
100
45
0
124
139
45
208
45
0
0
42
0
128
0
4
12
16
16
11
26
0
33
14
81
4
25
75
0
0
121
22
0
0
11
23
0
0
0
41
114
0
0
66
37
0
88
25
0
0
0
133
0
0
19
147
29
36
201
0
140
0
0
0
0
180
256
122
175
302
0
318
0
0
9
16
9
0
7
85
0
34
0
0
0
0
0
0
15
42
0
0
0
0
40
120
27
130
0
38
20
158
48
157
67
0
0
44
111
0
121
250
243
0
0
283
0
0
161
175
125
212
0
0
244
0
59
104
118
0
26
0
0
35
29
0
29
0
30
0
118
0
0
32
20
0
173
151
45
46
20
58
0
0
135
102
61
152
0
14
0
21
0
28
0
56
0
0
36
80
39
74
0
14
31
13
0
113
83
0
48
155
82
218
148
0
23
0
0
91
110
17
102
31
0
273
0
54
30
148
0
0
0
104
0
204
262
0
100
0
0
155
27
137
0
0
0
0
185
161
196
272
5
23
35
18
38
0
1
28
58
144
0
0
102
0
121
0
21
0
0
0
0
2
0
0
77
0
0
0
39
206
0
0
252
150
0
0
0
0
232
0
0
0
196
0
0
0
0
0
0
10
13
15
47
0
83
23
0
60
62
0
62
114
114
155
0
155
0
63
51
51
104
51
104
0
0
63
0
155
0
108
126
177
0
140
0
82
65
0
0
0
8
0
4
0
0
0
0
44
0
0
0
0
3
8
0
0
129
0
36
127
168
0
18
102
0
93
0
60
44
140
117
33
0
0
128
0
0
154
56
0
0
0
0
9
55
0
0
0
0
0
9
0
87
0
0
40
71
42
38
0
131
0
0
0
35
28
0
159
106
0
0
0
203
74
0
203
76
0
204
0
0
36
0
0
291
0
0
0
216
0
0
0
0
210
10
35
0
9
0
0
63
18
34
0
0
33
79
0
0
111
158
0
0
0
0
0
262
47
113
0
0
359
27
24
8
0
26
13
36
0
0
0
13
1
0
0
13
26
13
23
28
69
29
103
0
0
5
65
0
0
0
66
0
69
0
182
0
107
0
58
0
0
0
55
8
0
10
20
0
10
23
0
0
0
0
48
0
0
51
58
0
0
0
33
18
0
0
0
34
0
15
47
0
0
0
107
216
0
0
0
39
0
216
14
162
0
30
0
61
624
377
125
266
0
0
0
24
0
0
44
44
0
14
36
109
0
0
0
13
0
183
162
0
0
0
0
173
0
0
73
0
141
0
226
323
0
0
0
0
402
0
276
0
42
24
14
0
30
16
0
0
0
0
26
0
23
114
66
0
0
87
0
120
69
0
0
0
190
54
197
0
0
198
0
0
0
0
0
0
166
0
0
74
55
55
0
309
0
0
0
0
10
0
44
10
0
30
0
0
29
78
0
0
0
0
129
0
0
0
15
133
18
0
202
0
15
0
29
0
0
41
0
196
67
0
397
0
238
0
201
0
0
0
372
0
0
351
0
0
7
0
36
0
65
140
130
0
0
0
0
161
263
289
109
236
58
285
0
0
235
0
391
0
26
0
0
0
0
0
0
0
0
0
27
16
34
0
50
9
0
0
0
64
0
7
0
4
0
0
18
8
14
0
0
11
0
0
0
0
16
0
33
0
0
0
20
0
36
0
39
76
131
0
0
204
0
67
138
0
173
0
290
51
36
152
0
0
0
220
0
0
150
0
384
0
0
8
4
26
22
25
29
46
36
0
11
0
48
56
0
139
0
117
46
130
0
51
163
0
99
99
0
99
218
179
0
189
190
0
68
198
0
80
80
0
126
82
83
219
0
0
233
147
0
83
247
0
251
0
0
0
0
0
0
24
18
21
0
21
43
0
89
0
58
43
0
0
89
148
148
0
74
114
114
0
118
202
200
284
0
82
0
0
0
0
4
61
0
0
43
69
18
0
0
0
74
0
0
11
160
119
0
67
0
325
0
159
148
0
0
238
72
220
0
43
0
0
3
30
0
0
19
0
0
50
6
6
0
0
16
0
12
43
0
0
81
23
52
0
146
0
29
0
46
0
0
0
0
193
0
221
63
53
184
0
0
0
83
203
265
8
0
0
6
8
0
0
77
45
0
8
13
0
0
0
0
33
0
0
31
134
63
0
53
21
4
0
4
18
0
0
75
0
143
0
0
72
75
197
226
214
0
0
0
387
0
0
0
0
17
34
85
111
0
0
26
120
74
0
0
138
28
0
0
16
0
35
0
16
0
0
0
61
0
62
69
0
0
0
0
0
0
8
0
0
115
132
63
0
85
137
0
0
188
121
32
8
70
0
111
0
0
0
0
0
0
0
12
0
8
14
29
86
0
38
38
0
136
0
45
0
0
286
0
2
12
0
0
0
0
0
0
0
36
48
28
0
77
111
205
46
29
157
0
92
57
88
0
29
0
46
0
0
268
104
146
98
98
52
122
0
201
267
111
75
138
254
254
0
82
198
57
226
10
0
0
0
0
0
0
38
0
142
40
0
107
48
0
0
226
0
86
0
101
0
228
203
0
0
0
215
0
0
65
0
234
0
0
0
300
0
0
123
0
166
207
0
0
70
399
0
165
123
0
0
9
0
9
9
0
9
9
0
9
0
0
0
9
11
0
20
0
40
16
0
31
0
34
24
0
32
21
0
58
0
73
124
4
150
0
0
0
4
0
4
1
0
0
19
11
0
4
11
29
18
11
0
0
86
0
0
0
20
30
19
45
66
67
23
52
0
0
16
0
97
16
0
24
103
0
36
0
48
0
142
0
57
105
54
54
73
0
127
0
168
184
0
0
90
0
0
209
210
151
52
0
78
7
0
51
85
26
51
30
0
165
0
0
0
162
0
66
0
0
0
0
38
112
0
0
45
56
0
181
174
65
0
0
0
18
9
34
43
67
76
9
41
54
0
6
6
18
0
0
48
0
16
0
14
34
0
20
54
34
36
34
0
0
0
16
14
0
4
62
88
96
106
74
0
0
88
0
0
45
99
99
0
244
45
245
0
0
0
0
9
0
0
0
48
25
112
82
0
0
160
191
191
157
191
12
16
12
32
0
20
22
30
0
0
30
36
46
40
0
0
12
12
41
19
0
0
0
29
60
41
48
35
0
94
50
0
34
117
117
88
88
35
42
53
0
198
0
0
21
0
11
62
0
53
53
0
0
0
115
0
7
0
51
12
0
51
18
23
0
0
0
0
0
0
152
10
31
14
19
19
0
43
31
24
24
0
7
0
126
0
136
0
0
44
150
31
107
0
0
150
0
112
150
98
0
38
0
31
0
163
0
183
55
0
100
116
213
80
0
0
0
0
9
0
71
0
9
93
67
27
62
160
9
0
171
0
0
0
171
126
0
249
70
0
66
0
0
0
24
1
0
0
0
62
11
51
0
131
0
0
13
0
0
101
0
312
231
0
0
43
24
0
0
0
19
230
0
87
0
76
108
0
346
73
376
432
20
158
0
0
316
9
2
0
0
2
0
7
0
2
0
4
23
19
0
4
12
7
23
0
44
0
14
38
0
43
41
62
0
50
0
52
104
0
19
19
0
0
52
0
0
0
0
19
142
123
62
64
152
174
127
0
0
37
37
120
37
0
0
0
0
0
0
0
0
0
0
0
0
0
16
0
0
45
0
23
0
0
0
29
40
48
0
33
12
0
25
6
0
6
0
12
0
0
47
67
27
20
0
37
117
30
0
127
41
34
153
0
44
44
157
0
22
0
0
0
7
7
0
0
0
0
43
0
0
3
0
0
0
27
71
0
0
0
113
0
0
148
67
0
39
26
0
0
40
0
97
0
110
22
27
0
0
0
43
0
96
73
0
267
382
0
184
0
0
184
305
141
104
417
0
0
110
45
65
0
0
0
403
0
0
0
0
0
247
0
0
0
0
164
5
0
2
20
26
0
13
22
0
0
29
41
47
0
0
0
157
0
167
0
52
148
30
6
0
47
0
75
112
49
70
0
0
157
0
0
0
72
31
296
339
0
0
185
94
0
10
0
15
0
36
0
0
0
29
60
0
28
53
0
0
173
200
158
0
151
0
0
120
0
0
172
0
0
0
131
83
83
0
0
0
0
0
0
374
95
31
31
0
291
0
190
0
16
8
0
0
8
16
0
0
0
0
0
0
0
89
0
63
0
0
0
106
0
0
115
0
151
0
116
119
86
0
0
210
0
233
65
0
0
233
40
0
116
0
0
311
246
0
0
0
0
0
0
10
10
40
19
10
0
0
33
13
25
42
73
25
0
77
77
0
25
95
53
25
0
81
133
61
61
10
0
17
30
27
0
10
7
20
0
0
0
49
14
14
0
42
20
0
0
92
67
67
0
81
0
0
0
79
146
0
0
0
0
0
0
0
306
0
327
60
0
0
90
0
0
56
252
0
389
0
0
0
0
0
0
0
10
10
14
0
0
4
28
0
18
0
0
0
26
48
22
0
62
0
75
62
29
29
0
62
55
23
0
30
0
55
0
0
93
33
86
0
126
18
18
0
155
158
132
110
0
24
0
22
96
98
0
138
188
128
233
0
89
243
0
0
20
34
0
0
8
0
12
4
28
20
24
28
0
0
0
13
29
0
19
74
0
0
0
0
0
6
22
29
0
0
131
0
0
70
195
0
85
27
0
0
0
136
56
220
0
272
148
0
0
252
0
41
0
0
0
0
0
21
17
36
0
0
25
18
43
58
0
120
31
15
0
0
84
17
0
0
40
74
17
0
0
0
76
0
153
23
0
0
0
0
0
162
77
260
0
0
228
269
0
0
103
57
19
368
340
196
237
0
0
0
0
0
0
0
28
56
0
6
0
9
79
0
0
0
87
0
0
0
167
53
112
53
98
0
0
9
81
104
102
27
0
250
126
0
56
12
0
0
19
0
119
0
0
155
0
0
0
0
82
0
0
192
187
0
179
157
162
248
0
145
260
0
0
67
65
262
0
138
0
238
0
0
20
50
33
34
2
33
55
0
0
0
0
0
2
0
28
6
45
11
6
0
0
43
0
0
0
109
0
42
135
94
76
42
76
0
0
80
50
0
0
0
0
31
136
0
0
104
61
0
51
54
203
54
57
0
211
0
0
254
41
42
4
4
0
34
50
0
18
0
0
3
83
0
0
0
24
0
169
36
273
0
217
0
8
0
0
24
0
0
25
44
40
44
8
17
24
0
43
0
0
41
0
41
0
23
99
60
247
0
28
97
0
0
169
0
60
71
79
55
89
187
0
0
24
117
14
40
0
0
28
0
0
185
26
0
52
0
124
0
334
432
0
0
0
0
0
0
29
29
0
19
0
0
0
0
0
101
0
120
24
0
0
0
0
0
0
0
0
22
86
0
125
58
0
74
89
47
109
0
17
89
0
78
0
0
66
127
31
76
21
0
0
11
99
31
73
0
21
19
0
77
27
0
37
59
27
0
0
0
0
0
13
0
8
37
0
61
0
0
93
21
51
21
0
73
0
0
0
0
0
0
0
9
0
0
2
0
12
7
7
25
21
0
92
0
0
57
0
50
59
0
0
10
10
25
0
8
24
47
0
53
24
0
47
22
0
22
22
47
0
0
126
159
58
0
67
66
0
75
62
0
9
9
11
19
0
0
0
116
37
56
0
0
54
9
25
0
0
10
0
67
0
14
0
0
0
20
22
0
7
0
3
0
14
0
113
25
36
113
70
95
0
0
11
0
0
0
18
0
10
156
127
48
155
141
0
203
0
102
122
244
0
0
25
15
0
15
0
0
77
0
0
0
17
0
43
0
0
10
92
140
0
143
56
108
0
167
159
240
0
0
89
0
0
160
192
265
228
222
0
39
108
0
0
0
64
0
0
28
47
50
0
65
102
27
0
118
52
19
183
97
0
0
52
257
154
226
0
90
41
195
0
75
0
153
0
0
0
12
48
96
72
0
0
64
47
0
9
0
28
9
10
0
29
38
0
0
0
169
32
197
0
235
0
158
225
212
152
45
0
0
131
32
301
45
0
171
45
0
147
296
153
0
415
305
0
291
315
0
281
335
0
0
253
253
485
485
0
0
25
0
0
51
106
18
28
91
0
0
0
0
0
31
15
0
139
0
235
115
0
0
206
1
0
26
28
29
0
55
11
1
50
29
0
0
42
77
0
0
0
108
159
0
0
0
0
14
42
0
0
22
0
0
0
172
96
0
0
0
266
137
97
55
10
10
0
0
12
0
0
0
6
0
0
0
17
0
68
0
20
0
64
48
60
12
66
79
141
16
0
56
309
0
0
0
0
0
53
0
0
0
0
0
0
0
0
0
13
19
0
0
20
0
0
0
37
20
0
0
0
0
0
0
0
0
16
24
0
24
0
0
0
32
64
0
58
0
41
0
6
0
0
0
0
0
0
6
3
6
0
0
48
10
36
3
0
101
0
0
95
47
47
85
0
0
115
63
15
0
163
174
0
15
0
0
0
290
263
0
190
0
86
82
106
42
105
423
222
52
24
0
222
89
0
406
0
0
0
25
17
8
25
0
0
0
46
0
3
0
0
0
6
15
37
0
48
0
48
0
0
29
97
139
0
119
0
34
226
253
0
0
4
0
0
2
0
0
7
16
16
11
0
92
72
28
0
122
63
0
100
100
76
75
0
31
140
211
0
150
180
182
0
169
103
42
0
0
258
218
17
40
0
0
66
217
6
22
0
12
0
0
0
91
146
174
0
94
0
0
162
101
0
42
0
0
0
238
57
0
0
56
257
0
105
305
170
63
0
0
72
359
0
0
0
100
0
6
6
6
12
9
0
15
18
0
12
24
0
0
21
0
78
0
67
0
0
0
29
26
73
0
35
0
118
155
171
0
0
249
249
72
155
0
0
59
210
0
143
39
0
0
174
112
0
204
0
552
0
0
533
12
78
73
0
0
0
20
0
46
27
0
132
170
132
188
0
95
0
0
242
0
0
23
0
0
0
0
16
0
18
18
6
12
0
0
13
0
40
0
111
0
0
12
144
13
0
26
30
193
23
140
231
139
38
0
0
109
0
0
160
89
236
471
0
78
0
0
0
0
32
0
0
89
89
30
0
89
46
100
54
54
109
54
54
108
0
0
0
0
0
62
73
171
76
0
0
101
78
101
0
0
101
0
254
0
55
0
55
0
0
18
18
0
173
0
0
0
187
0
36
136
0
51
0
150
9
0
119
0
297
0
0
0
55
0
4
0
0
38
169
0
169
0
0
0
0
87
0
0
0
334
0
0
78
0
29
0
0
360
348
87
29
0
0
266
275
0
189
0
157
476
7
0
0
0
42
0
0
35
0
0
0
117
0
0
0
0
0
0
65
0
202
0
0
85
0
14
0
140
61
0
0
0
0
0
0
0
0
46
0
42
16
0
57
0
0
0
35
0
40
0
34
0
32
0
0
57
53
137
103
48
270
162
0
48
105
22
0
0
0
337
279
158
0
0
0
0
345
97
10
0
0
0
16
0
14
50
14
34
0
41
24
0
3
0
0
30
20
0
0
0
39
0
100
0
0
115
0
0
0
0
0
0
129
13
79
97
17
4
0
4
0
4
12
0
8
0
29
21
0
53
0
8
0
0
86
0
0
13
0
0
88
0
71
62
0
126
127
0
49
165
64
119
0
0
171
0
147
38
0
27
0
32
43
188
256
0
0
77
0
0
0
0
46
0
0
40
0
0
0
0
0
74
0
0
31
179
118
0
332
0
0
0
54
396
0
0
10
50
0
37
3
0
38
0
0
28
0
0
75
28
40
0
0
0
0
0
0
0
36
10
0
0
0
8
8
35
16
56
0
38
0
0
0
38
0
95
0
0
66
0
0
0
134
127
0
92
0
0
0
23
35
0
17
79
100
0
82
73
30
82
15
0
18
38
0
0
105
24
58
110
50
45
42
0
230
18
167
160
71
31
0
178
36
0
0
112
209
0
0
15
0
20
20
81
5
92
53
20
121
0
85
151
0
0
0
179
26
18
0
44
74
61
76
0
0
13
12
56
215
0
53
187
0
335
226
0
0
174
0
0
56
0
0
0
190
12
307
67
0
0
8
16
44
28
16
0
0
45
9
0
0
98
11
72
0
0
38
173
0
111
0
121
212
54
0
0
0
197
0
274
274
73
197
0
73
73
251
21
254
0
50
0
0
54
50
27
36
0
0
187
147
0
0
0
0
157
80
8
0
282
0
0
0
0
13
13
13
23
0
0
0
0
3
3
0
11
0
0
0
32
0
0
0
56
52
0
0
0
0
25
0
126
0
35
0
31
171
0
0
147
0
35
0
0
0
0
9
23
0
9
29
15
6
6
0
0
9
23
26
38
6
52
6
0
0
0
11
0
0
21
21
21
19
19
9
15
50
0
0
56
31
0
0
103
61
116
0
179
179
123
135
0
124
191
0
0
0
60
0
0
0
0
178
100
78
87
277
0
109
87
0
90
90
215
219
0
228
0
0
0
0
0
0
0
0
0
33
19
7
0
0
0
0
9
0
61
15
47
0
0
17
59
59
0
141
58
27
0
148
0
138
87
0
0
63
0
0
0
25
48
0
0
173
250
231
69
0
0
39
0
0
0
0
0
0
0
0
341
135
279
155
417
0
358
0
0
0
36
0
0
79
139
64
110
0
39
200
0
0
0
0
0
22
125
79
31
151
289
0
0
54
0
356
0
0
0
0
0
0
80
101
14
91
0
66
212
0
0
0
201
116
52
0
0
0
0
0
0
0
27
0
74
91
92
45
9
9
0
0
0
0
0
0
0
0
0
0
0
0
0
8
2
0
0
0
17
0
93
0
64
34
0
145
123
0
17
0
64
47
47
0
104
51
0
0
358
0
176
0
167
179
0
0
29
0
55
0
38
6
37
0
75
0
181
24
0
107
223
129
73
141
35
0
247
0
0
336
501
0
269
310
0
0
172
0
174
0
104
0
218
104
143
54
195
0
499
0
121
33
37
0
0
0
35
83
101
0
100
253
0
0
0
0
0
0
0
0
0
18
0
10
0
0
20
28
38
0
62
0
105
33
0
97
0
0
0
0
0
156
0
0
0
0
0
89
105
185
42
0
163
0
136
0
65
74
49
188
0
72
63
0
0
353
80
0
431
16
39
0
0
47
0
0
8
33
48
0
32
0
48
11
0
60
56
33
0
0
26
26
0
0
0
0
21
0
0
0
0
0
21
76
0
55
41
0
143
0
115
21
31
0
0
0
0
0
0
0
0
10
0
0
0
0
0
0
0
58
0
0
0
25
0
174
80
216
0
101
148
0
0
275
0
0
184
119
0
0
0
5
0
20
0
20
0
0
0
0
0
10
0
37
0
0
20
72
0
74
149
0
0
97
23
156
23
28
0
0
0
0
0
92
26
82
0
82
106
0
0
0
10
137
91
64
56
42
120
80
39
24
122
122
0
0
0
0
37
0
0
60
0
0
37
15
4
11
0
0
0
0
4
37
0
95
0
0
0
0
60
0
60
48
88
0
242
0
0
8
40
0
0
0
0
88
60
0
95
104
0
0
104
104
0
110
53
59
110
53
0
65
67
68
137
0
68
137
215
225
0
78
73
255
0
26
163
0
0
124
118
0
84
143
0
118
278
0
0
0
0
0
0
0
0
49
0
67
0
0
0
70
0
116
31
0
0
127
0
0
15
58
60
0
0
49
0
60
45
0
16
81
0
18
0
80
76
0
20
132
33
0
0
0
115
0
108
212
176
77
0
0
305
231
0
137
203
336
0
0
329
68
255
68
0
298
0
0
0
0
0
1
0
21
0
0
25
25
0
0
0
43
40
49
86
9
9
0
18
18
0
3
13
0
3
0
2
15
0
29
14
0
19
3
62
68
0
0
63
23
0
92
19
14
0
0
119
0
22
0
0
0
98
0
82
30
0
0
0
0
0
0
0
34
14
0
39
110
0
52
0
0
72
64
115
0
41
0
102
0
102
0
127
14
170
0
114
93
133
40
0
150
0
38
0
0
0
0
0
14
19
72
72
0
73
0
19
93
75
22
0
96
0
0
0
0
90
0
0
103
0
0
54
0
0
0
30
3
157
224
0
204
238
0
0
204
0
0
0
175
0
181
0
58
0
0
28
36
13
9
0
39
67
0
70
0
0
0
100
0
35
34
0
94
0
15
18
0
24
0
4
12
0
0
18
23
0
0
50
0
30
29
19
0
30
0
0
45
55
31
182
78
144
152
106
39
54
0
112
172
64
58
22
43
0
10
29
14
10
0
39
65
0
14
0
0
0
79
28
0
51
0
29
29
32
5
47
0
59
0
0
27
77
21
0
74
0
0
43
5
158
0
44
70
0
0
218
0
0
0
23
201
0
0
279
9
56
0
80
81
298
0
0
0
0
22
0
6
31
36
22
0
0
61
4
0
0
0
0
51
9
38
45
87
0
0
15
0
163
0
0
0
0
12
19
68
64
68
27
0
0
0
34
5
0
0
0
0
24
9
30
0
46
0
0
18
28
65
28
160
273
61
95
34
245
0
46
0
334
0
0
40
0
18
0
0
33
61
6
0
0
164
194
6
104
0
0
0
160
258
0
427
0
0
369
46
447
0
463
0
67
0
0
0
87
432
0
355
556
0
0
0
0
0
0
0
0
0
0
0
2
0
2
0
9
18
0
54
83
21
0
0
242
207
55
111
90
0
0
29
0
0
23
8
0
8
0
26
43
69
69
43
60
70
64
32
0
0
37
66
0
0
0
160
13
61
0
102
0
2
11
19
11
88
0
0
0
0
1
19
24
30
0
49
34
19
0
0
0
59
19
40
0
0
0
0
143
0
35
0
0
16
0
24
0
79
16
11
37
0
0
54
0
16
0
117
56
0
191
0
0
211
230
49
366
433
97
0
340
284
300
0
300
0
0
65
0
0
0
0
46
0
0
127
178
33
0
0
224
49
0
0
0
0
49
322
37
118
266
147
74
0
139
0
0
0
139
0
265
0
157
0
270
450
172
387
113
0
0
0
88
232
232
490
353
0
0
38
12
8
10
4
0
0
92
0
220
0
227
0
86
101
0
0
231
70
0
219
142
426
0
78
68
85
461
0
0
0
0
5
12
12
12
0
20
2
54
0
0
0
0
0
103
0
104
49
0
0
219
0
0
162
0
187
22
86
79
178
36
0
248
88
28
0
8
0
37
33
41
33
26
84
0
125
42
167
95
125
38
46
0
0
13
25
12
0
0
14
0
0
0
0
22
0
62
0
22
0
0
0
0
181
28
0
63
143
0
0
0
82
0
0
9
9
0
0
15
13
25
17
28
0
19
7
16
56
88
0
8
18
12
0
20
0
80
0
114
0
0
92
0
165
0
20
150
164
0
39
0
252
0
81
0
0
0
0
0
0
235
0
0
185
0
0
0
0
10
10
0
0
29
23
0
72
94
45
0
23
0
154
106
141
141
0
50
0
35
29
0
6
44
191
0
49
0
156
121
121
114
164
0
0
0
122
0
95
0
0
12
0
6
12
0
0
0
32
73
84
63
121
0
121
49
0
221
95
0
0
242
165
106
77
106
242
183
106
0
82
195
83
195
0
195
101
79
0
0
0
0
0
0
8
0
15
0
0
107
125
44
181
107
146
110
162
26
0
110
224
0
0
97
51
52
0
0
27
125
515
45
0
0
0
0
60
37
13
60
37
0
20
0
0
46
0
52
23
0
23
0
0
58
58
38
28
68
133
68
0
72
0
81
61
61
0
12
0
12
3
77
0
0
170
0
0
0
158
0
49
190
0
0
1
0
0
254
205
41
179
0
21
0
0
1
0
0
0
44
0
0
0
34
0
0
54
80
121
0
48
0
0
0
0
0
67
0
37
0
0
0
28
0
89
0
274
178
0
126
0
254
1
0
1
3
9
1
9
0
9
13
0
0
0
0
0
4
29
10
14
0
7
14
0
0
9
48
34
41
62
0
5
0
0
10
0
0
5
20
15
0
21
15
0
0
38
0
0
0
32
0
0
63
0
39
83
83
0
39
2
0
0
0
0
10
0
0
32
0
0
88
15
60
0
7
14
0
12
0
0
0
0
0
15
0
0
0
0
17
17
0
31
14
3
17
14
0
0
0
0
14
0
14
0
0
7
21
28
21
25
0
0
0
106
0
92
42
104
48
0
236
0
182
17
134
0
221
0
0
0
286
55
0
0
0
0
109
62
0
73
191
374
0
217
0
0
0
0
0
40
30
0
0
0
0
33
0
13
10
13
20
0
41
17
0
24
27
68
95
73
51
27
0
0
73
22
0
105
23
69
81
39
0
0
47
0
24
45
0
15
6
21
75
0
0
82
0
0
0
130
212
0
0
0
4
0
0
8
8
4
4
0
8
0
0
25
47
24
0
0
17
0
17
0
0
52
30
46
0
22
0
0
78
50
0
174
93
155
0
155
13
109
129
0
0
0
0
48
28
0
0
0
23
32
67
190
131
123
160
0
0
0
8
36
230
50
26
260
0
239
8
183
0
35
28
0
288
17
0
0
0
0
466
160
0
34
35
5
24
24
52
0
79
24
0
85
0
0
0
0
18
10
24
146
0
135
43
0
4
15
15
0
8
33
8
52
35
8
45
0
0
57
63
34
0
110
151
0
0
0
115
66
76
83
161
42
0
124
188
0
119
124
72
0
0
94
0
0
0
0
18
0
0
0
43
40
0
0
0
40
0
0
0
33
0
288
273
0
145
113
0
0
5
5
0
0
0
5
0
0
59
103
0
114
31
132
25
228
52
0
223
25
172
85
53
60
0
0
0
414
23
103
0
0
0
0
0
0
0
6
22
0
26
38
22
38
0
22
0
26
6
58
16
32
16
54
32
0
44
0
0
0
0
15
0
0
10
0
33
0
0
46
0
14
16
48
38
22
10
40
0
90
0
0
0
0
30
25
24
0
66
79
67
83
0
98
0
151
81
36
22
37
0
34
0
42
334
0
46
96
100
551
485
517
180
29
0
619
244
77
370
530
0
0
86
0
115
0
0
119
341
743
0
0
6
5
0
0
67
101
39
66
115
87
0
11
85
0
0
0
29
0
8
0
107
143
10
0
107
0
30
115
0
0
0
0
0
15
279
112
0
0
14
47
0
0
0
0
0
9
0
0
46
0
21
46
0
28
0
0
0
1
41
0
30
0
0
0
111
0
71
41
0
47
100
65
104
0
0
188
31
194
0
220
0
144
84
206
0
84
153
237
17
0
0
0
0
3
13
0
13
0
0
15
15
37
39
0
0
20
0
20
53
0
20
33
23
2
0
0
0
47
10
59
25
0
0
5
5
34
41
39
38
50
78
0
29
0
137
0
48
70
137
70
0
0
54
136
56
56
0
0
1
0
0
19
3
53
0
0
12
46
0
0
64
0
64
0
195
0
0
169
0
45
0
359
56
239
327
153
104
0
0
64
223
0
0
498
0
0
0
5
51
36
0
0
0
25
28
0
0
7
0
0
0
63
52
0
45
0
68
0
45
0
0
110
122
0
31
0
60
0
85
0
95
95
67
183
0
3
14
16
111
205
0
0
38
38
214
38
177
0
0
0
6
0
28
12
0
0
11
0
11
0
0
29
32
94
0
52
88
0
110
0
0
200
0
67
0
32
9
70
52
0
10
0
0
0
107
94
0
116
0
0
0
5
0
0
0
5
0
0
14
0
0
12
0
10
10
0
18
0
22
91
0
53
0
0
0
209
0
297
15
0
270
64
407
10
0
0
46
22
20
0
0
0
0
0
0
0
0
0
0
72
0
63
0
0
218
45
137
0
80
107
0
105
0
25
35
32
0
72
60
0
0
0
0
368
92
0
0
504
75
0
0
397
0
0
0
0
411
0
504
167
339
0
0
0
0
0
20
0
32
0
24
80
68
0
19
16
0
13
3
3
0
0
27
26
3
0
10
13
10
0
71
0
14
15
20
101
0
14
67
137
137
99
0
105
52
149
74
287
296
338
0
0
110
240
0
179
0
0
64
264
360
131
344
0
84
0
299
0
516
0
0
0
200
332
299
0
814
0
0
2
0
0
50
0
38
10
0
40
0
0
96
0
0
126
0
0
0
27
30
0
0
58
77
0
32
94
0
40
151
261
188
164
0
208
0
359
202
0
0
0
0
0
0
4
13
0
19
12
35
56
79
26
0
96
136
23
69
0
151
0
0
0
90
0
73
0
0
0
83
0
0
87
0
87
152
0
269
0
0
14
24
40
50
24
76
0
0
0
0
79
56
87
17
0
160
79
0
0
0
26
0
0
0
0
26
0
0
54
42
0
0
0
17
42
0
39
15
17
25
45
0
0
87
21
0
0
0
8
13
0
0
29
0
0
